target_percentage,current_percentage,iteration,species,select_set,expand_set,envelope
0.0001,0.0001007360031779,500,electrons,"('ux',)",['ux'],"{'ux': [-0.00018922979926008473, -0.00018896117177809595]}"
0.0001,0.000100349578807,500,electrons,"('ux',)",['ux'],"{'ux': [-5.161594696142246e-05, -5.150844297021957e-05]}"
0.0001,9.967333615809548e-05,500,electrons,"('ux',)",['ux'],"{'ux': [3.422967992038075e-05, 3.433228226741524e-05]}"
0.0001,9.923860874088062e-05,500,electrons,"('ux',)",['ux'],"{'ux': [0.0016590263697584926, 0.0016614243883111214]}"
0.0001,0.0001004703364229,500,electrons,"('ux',)",['ux'],"{'ux': [0.011525942973972806, 0.011561351990815427]}"
0.0001,9.972163920445268e-05,500,electrons,"('ux',)",['ux'],"{'ux': [-1.1085957898141085e-05, -1.101089759989513e-05]}"
0.0001,9.97457907276313e-05,500,electrons,"('ux',)",['ux'],"{'ux': [-0.0007254949644993354, -0.0007247498768010719]}"
0.0001,9.933521483359504e-05,500,electrons,"('ux',)",['ux'],"{'ux': [4.121731242225448e-05, 4.13194178728034e-05]}"
0.0001,9.993900291306013e-05,500,electrons,"('ux',)",['ux'],"{'ux': [5.501947825296045e-05, 5.513042191773196e-05]}"
0.0001,0.0001002529727143,500,electrons,"('ux',)",['ux'],"{'ux': [0.0031500158673523995, 0.003155297056782689]}"
0.0001,9.923860874088062e-05,500,electrons,"('ux',)",['ux'],"{'ux': [0.00022020402664347418, 0.00022050747158014377]}"
0.0001,0.0001009050638402,500,electrons,"('ux',)",['ux'],"{'ux': [4.160523600088189e-06, 4.210115831121716e-06]}"
0.0001,9.97699422508099e-05,500,electrons,"('ux',)",['ux'],"{'ux': [-5.551136516988865e-05, -5.540311636084565e-05]}"
0.0001,0.0001001080635753,500,electrons,"('ux',)",['ux'],"{'ux': [1.7841539677687844e-05, 1.792906464701347e-05]}"
0.0001,9.950427549584528e-05,500,electrons,"('ux',)",['ux'],"{'ux': [0.004604059316960416, 0.004613148361327822]}"
0.0001,0.0001003254272839,500,electrons,"('ux', 'uy')","['ux', 'uy']","{'ux': [-0.00020287511894927614, -0.00019146199162757284], 'uy': [-0.00021487363694903662, -0.00010743647817883406]}"
0.0001,9.957673006538108e-05,500,electrons,"('ux', 'uy')","['uy', 'ux']","{'ux': [-0.0033060977335267654, -0.0030239153752916687], 'uy': [-0.003992298940491954, -0.0036170691877865173]}"
0.0001,0.0001002771242375,500,electrons,"('ux', 'uy')","['ux', 'uy']","{'ux': [0.00792818010575228, 0.00865805721212017], 'uy': [-0.0010623565731074911, -0.0006136813875684674]}"
0.0001,9.91178511249876e-05,500,electrons,"('ux', 'uy')","['uy', 'ux']","{'ux': [-0.0008622202565808451, -0.0006532696394287639], 'uy': [-0.004925537171746475, -0.004561973348431135]}"
0.0001,0.0001006393970852,500,electrons,"('ux', 'uy')","['ux', 'uy']","{'ux': [-2.3418607388970996e-05, -2.0286983724399857e-05], 'uy': [0.00022581958450884268, 0.0002878592540086991]}"
0.0001,9.993900291306013e-05,500,electrons,"('ux', 'uy')","['ux', 'uy']","{'ux': [0.004954569271264041, 0.005779194366064449], 'uy': [0.02189335480067965, 0.03263081760655969]}"
0.0001,9.964918463491687e-05,500,electrons,"('ux', 'uy')","['uy', 'ux']","{'ux': [-0.002672711074936149, -0.0024931759947778576], 'uy': [-0.0002887276429364919, -0.00018102943192483924]}"
0.0001,9.991485138988152e-05,500,electrons,"('ux', 'uy')","['uy', 'ux']","{'ux': [-7.288279350375953e-08, -3.533120617675266e-08], 'uy': [3.149088296718148e-05, 6.692196147863947e-05]}"
0.0001,9.933521483359504e-05,500,electrons,"('ux', 'uy')","['uy', 'ux']","{'ux': [0.00015343411939212608, 0.0001645856979605311], 'uy': [-0.004970487735133059, -0.003402055065325356]}"
0.0001,9.97699422508099e-05,500,electrons,"('ux', 'uy')","['ux', 'uy']","{'ux': [0.0001400252421846928, 0.00014374040777403706], 'uy': [0.00019464941902872903, 0.00038413229174994736]}"
0.0001,9.943182092630944e-05,500,electrons,"('ux', 'uy')","['ux', 'uy']","{'ux': [3.360229621127696e-06, 4.6635760441627e-06], 'uy': [4.589436486587324e-05, 6.218522834194239e-05]}"
0.0001,0.0001003012757607,500,electrons,"('ux', 'uy')","['ux', 'uy']","{'ux': [0.0002986465670879168, 0.00032396874088583527], 'uy': [0.0004996430498190992, 0.0005486370286256029]}"
0.0001,0.0001005910940388,500,electrons,"('ux', 'uy')","['uy', 'ux']","{'ux': [0.0002088892896969385, 0.00023845433089915219], 'uy': [0.0004019611848700756, 0.0004296384493393275]}"
0.0001,9.97457907276313e-05,500,electrons,"('ux', 'uy')","['uy', 'ux']","{'ux': [-0.0017757176432905248, -0.0016533159399449505], 'uy': [0.0006840263727867192, 0.0008363031126057466]}"
0.0001,0.0001005186394693,500,electrons,"('ux', 'uy')","['ux', 'uy']","{'ux': [0.0017135997252698558, 0.0018110437480123437], 'uy': [-0.00015684105684304396, -2.0754159860218187e-05]}"
0.0001,0.0001004703364229,500,electrons,"('ux', 'uy', 'uz')","['uy', 'uz', 'ux']","{'ux': [5.282296854337066e-06, 1.1545774343591047e-05], 'uy': [0.00010659756255792407, 0.00021095902110522736], 'uz': [1.4626885514144121e-05, 2.9286875203982146e-05]}"
0.0001,9.960088158855968e-05,500,electrons,"('ux', 'uy', 'uz')","['ux', 'uy']","{'ux': [-4.2016082812295235e-05, -2.4680800146726702e-05], 'uy': [1.1048316087996025e-05, 4.757991632290132e-05], 'uz': [-0.00014126942753397816, 5.345289416610101e-06]}"
0.0001,0.0001004944879461,500,electrons,"('ux', 'uy', 'uz')","['uz', 'ux']","{'ux': [-3.252905782700696e-06, -1.8135925699347791e-06], 'uy': [1.5757613580167552e-06, 0.0001635066113225017], 'uz': [5.874330527137088e-06, 1.0502025276680707e-05]}"
0.0001,0.0001009775184097,500,electrons,"('ux', 'uy', 'uz')","['uy', 'ux']","{'ux': [-3.4285458262080206e-06, -1.730708248304872e-06], 'uy': [1.4436995374719863e-05, 3.486916719347677e-05], 'uz': [-1.8366552260389993e-05, 1.4612251139955594e-06]}"
0.0001,0.0001007360031779,500,electrons,"('ux', 'uy', 'uz')","['uy', 'ux']","{'ux': [-1.343479132686187e-05, -1.242337174760466e-05], 'uy': [0.00015518922394381287, 0.00036124056874887436], 'uz': [-0.00019179981363122526, 5.55734958385125e-05]}"
0.0001,0.0001004944879461,500,electrons,"('ux', 'uy', 'uz')",['uz'],"{'ux': [5.007502459187178e-05, 0.00011727570553487663], 'uy': [-0.0001021259331000313, 0.0002388093115548507], 'uz': [-9.110450302777433e-07, 9.595297398086327e-06]}"
0.0001,0.000100880912317,500,electrons,"('ux', 'uy', 'uz')","['uy', 'ux', 'uz']","{'ux': [-1.6961174540054687e-05, 1.0987946315897044e-06], 'uy': [3.745001023127378e-05, 0.00011051279129233572], 'uz': [3.055537369926431e-05, 8.409588101960917e-05]}"
0.0001,0.0001007118516547,500,electrons,"('ux', 'uy', 'uz')","['uy', 'uz']","{'ux': [-0.00040458965951161677, 0.004412888774421734], 'uy': [-0.0016107295360646592, -0.0010926053672595452], 'uz': [0.005692499990895335, 0.008149601424227815]}"
0.0001,0.0001001080635753,500,electrons,"('ux', 'uy', 'uz')","['uy', 'ux']","{'ux': [6.06741790556008e-06, 3.9149564688407654e-05], 'uy': [1.2854717267567917e-05, 4.699785760516757e-05], 'uz': [-0.00028131723015195777, -2.9980136511253786e-05]}"
0.0001,0.0001008567607938,500,electrons,"('ux', 'uy', 'uz')",['uz'],"{'ux': [-0.00023262188817905943, -4.9620253289800825e-05], 'uy': [-0.00017416321259410152, 3.6529571176426125e-05], 'uz': [0.00032035848225674953, 0.00038940478507733673]}"
0.0001,9.940766940313085e-05,500,electrons,"('ux', 'uy', 'uz')","['ux', 'uz']","{'ux': [3.364597859016212e-06, 2.349133910207885e-05], 'uy': [-7.766652257947841e-05, -3.314939800542701e-05], 'uz': [-5.1764926608177456e-05, -2.634916688519677e-07]}"
0.0001,9.90212450322732e-05,500,electrons,"('ux', 'uy', 'uz')","['ux', 'uz', 'uy']","{'ux': [-0.00010938760384405945, 1.610850739974005e-05], 'uy': [6.875861331721222e-05, 9.816045636300105e-05], 'uz': [-0.00027594952979569163, -0.00011410477114489748]}"
0.0001,0.0001003978818534,500,electrons,"('ux', 'uy', 'uz')","['ux', 'uy']","{'ux': [-5.717187401205227e-06, 4.374131730949766e-05], 'uy': [-5.1744912650235466e-05, -2.729127104580923e-05], 'uz': [-0.0002993836452112258, -2.6306117699181193e-05]}"
0.0001,9.97457907276313e-05,500,electrons,"('ux', 'uy', 'uz')","['uy', 'ux', 'uz']","{'ux': [0.00021361894927543417, 0.00040506199384065145], 'uy': [-0.0006024230693417255, -0.0001195472914263912], 'uz': [-0.004000208233883526, -0.003411163458906488]}"
0.0001,9.90453965554518e-05,500,electrons,"('ux', 'uy', 'uz')",['ux'],"{'ux': [4.4458325581472036e-14, 1.749509264093765e-13], 'uy': [-4.1725648971971035e-12, 8.714554415304509e-12], 'uz': [-3.3847200530464995e-12, 4.831247440639559e-13]}"
0.0001,9.998730595941732e-05,500,electrons,"('ux', 'uy', 'uz', 'x')","['uz', 'ux', 'uy']","{'x': [8.948733649959444e-06, 1.3462362806670283e-05], 'ux': [0.019211895365829235, 0.03359353305004083], 'uy': [-0.007856914974096112, -0.003529698472709567], 'uz': [0.0008541680451468227, 0.031189442787423468]}"
0.0001,9.991485138988152e-05,500,electrons,"('ux', 'uy', 'uz', 'x')","['uy', 'uz', 'x']","{'x': [1.7567341173220853e-05, 1.8374218065650824e-05], 'ux': [-0.00032202209252423896, 4.107520682556122e-05], 'uy': [0.00019103819757365628, 0.0003159852236564527], 'uz': [7.498527019608518e-05, 0.00012802179673488895]}"
0.0001,0.0001006877001315,500,electrons,"('ux', 'uy', 'uz', 'x')","['x', 'uy', 'uz', 'ux']","{'x': [1.0372780212674552e-05, 1.233094618784523e-05], 'ux': [0.0012298622747196493, 0.0016523226178286228], 'uy': [-0.001256264472547907, -0.0002162421393275642], 'uz': [-0.0006903925946225738, 0.00020456706315343366]}"
0.0001,9.962503311173828e-05,500,electrons,"('ux', 'uy', 'uz', 'x')","['ux', 'uz', 'x']","{'x': [-5.895444584613868e-06, -1.4611717597081499e-06], 'ux': [-0.0006604818595254198, -0.00018972042696156408], 'uy': [-0.0015863312238458237, -0.00040466124858424223], 'uz': [-3.754450786308316e-05, 0.0006505381673900497]}"
0.0001,9.943182092630944e-05,500,electrons,"('ux', 'uy', 'uz', 'x')","['uy', 'x', 'uz']","{'x': [2.5184710999032725e-06, 4.915922204956214e-06], 'ux': [0.0026390913419782696, 0.010238588038174986], 'uy': [0.007756113513683289, 0.016331552587675928], 'uz': [-0.022667984463840968, -0.01839441442907929]}"
0.0001,0.0001002529727143,500,electrons,"('ux', 'uy', 'uz', 'x')","['uy', 'x', 'uz']","{'x': [1.751930785097675e-05, 1.8042868132648963e-05], 'ux': [7.559305324296358e-05, 0.0008861050563979543], 'uy': [-4.6843676396225134e-05, 0.0004998809863575505], 'uz': [-0.004765487807245977, -0.003688822158197552]}"
0.0001,9.931106331041644e-05,500,electrons,"('ux', 'uy', 'uz', 'x')","['x', 'ux', 'uy', 'uz']","{'x': [-1.822465578586466e-05, -1.670146276209252e-05], 'ux': [-0.0005834519389753977, -0.00012589262866956119], 'uy': [0.0005140186676947531, 0.0006702571824164771], 'uz': [-0.0011378845065572064, -0.0005000957362829503]}"
0.0001,0.0001005427909925,500,electrons,"('ux', 'uy', 'uz', 'x')","['uz', 'x', 'uy', 'ux']","{'x': [-1.7547194684070687e-05, -1.5884273008795234e-05], 'ux': [-5.700935209333677e-05, -2.5022220451543253e-05], 'uy': [0.00011729987999782845, 0.0003626630008526535], 'uz': [8.340216750752545e-05, 0.00014816465205142265]}"
0.0001,0.0001009775184097,500,electrons,"('ux', 'uy', 'uz', 'x')","['uz', 'ux', 'uy']","{'x': [1.0025992532007093e-05, 1.2474030855058891e-05], 'ux': [0.00013276394753832722, 0.0001781265103663251], 'uy': [-0.001080998111744724, -0.0008539468837666086], 'uz': [0.00039740684018592105, 0.0005984750650258108]}"
0.0001,9.90212450322732e-05,500,electrons,"('ux', 'uy', 'uz', 'x')","['uz', 'x', 'ux', 'uy']","{'x': [1.576018400549919e-05, 1.95549014031396e-05], 'ux': [0.00014595225639168005, 0.0002237244150421434], 'uy': [-0.00044656509159157325, -0.00028668297821027306], 'uz': [0.0001703085503173049, 0.0002931484505791692]}"
0.0001,0.0001000839120521,500,electrons,"('ux', 'uy', 'uz', 'x')","['x', 'uz', 'uy']","{'x': [-1.8222224456374744e-05, -1.725238097471211e-05], 'ux': [0.00039771817428394234, 0.002032024042104438], 'uy': [-0.0006742341308976271, -0.0001069674262568327], 'uz': [-0.004163746881647991, -0.0036297759488003204]}"
0.0001,0.0001001563666216,500,electrons,"('ux', 'uy', 'uz', 'x')","['ux', 'uz', 'uy']","{'x': [7.965554317574561e-06, 1.4466897995199854e-05], 'ux': [0.01076522887087666, 0.037666484533448036], 'uy': [-0.011088799828127414, -0.003056272088907558], 'uz': [0.028476696338799082, 0.06785176077761422]}"
0.0001,0.000100204669668,500,electrons,"('ux', 'uy', 'uz', 'x')","['ux', 'uy', 'x', 'uz']","{'x': [-5.236902617080213e-06, -1.189224174443289e-06], 'ux': [-0.001252510933565283, -0.0005932278083277812], 'uy': [1.2271918782348818e-05, 0.0015015070723179936], 'uz': [-0.01314021109062056, -0.008565778334070623]}"
0.0001,9.916615417134482e-05,500,electrons,"('ux', 'uy', 'uz', 'x')","['x', 'uz', 'uy', 'ux']","{'x': [-1.2202117818862916e-05, -9.245090804404244e-06], 'ux': [-0.0021183469076384125, -0.001451428392894776], 'uy': [-0.0006787101553285017, 0.005255886082744409], 'uz': [0.0018938292474239152, 0.0033163744880242542]}"
0.0001,0.0001009050638402,500,electrons,"('ux', 'uy', 'uz', 'x')","['x', 'uy', 'uz']","{'x': [4.629990060685249e-06, 7.449526925845905e-06], 'ux': [-0.001384738453532306, -1.4611760053251064e-05], 'uy': [0.0014194391891848021, 0.0028989101932354166], 'uz': [-0.008390717417027939, -0.00642736247530017]}"
0.0001,9.98182452971671e-05,500,electrons,"('ux', 'uy', 'uz', 'x', 'y')","['uz', 'x', 'ux', 'uy']","{'x': [-4.735298011038338e-06, -2.1793542892808905e-06], 'y': [-6.561946320768143e-06, -5.6251229716965696e-06], 'ux': [-0.020751775325661137, -0.005500904949681606], 'uy': [-0.8424229709690296, 0.2976088173719813], 'uz': [-0.029224136753321694, 0.20536055891502775]}"
0.0001,0.0001001563666216,500,electrons,"('ux', 'uy', 'uz', 'x', 'y')","['ux', 'uz', 'y']","{'x': [1.5076216120751747e-05, 1.9983198400582457e-05], 'y': [-1.0157713555519892e-05, -9.758308577651987e-06], 'ux': [0.0008904040093178998, 0.0029008520391830533], 'uy': [-0.0014239244161035767, 0.0010483008718879397], 'uz': [-0.0018221471014074346, -0.001039218766106991]}"
0.0001,9.979409377398852e-05,500,electrons,"('ux', 'uy', 'uz', 'x', 'y')","['y', 'uz', 'uy', 'ux', 'x']","{'x': [-7.4422678564336616e-06, -2.8478957698251034e-06], 'y': [9.446050312820966e-06, 1.0111018767113745e-05], 'ux': [-0.0006848326409793616, 0.00023485252351022017], 'uy': [0.01432230922705751, 0.09631614720780113], 'uz': [-0.007595890866036917, 0.01034407308536182]}"
0.0001,9.90212450322732e-05,500,electrons,"('ux', 'uy', 'uz', 'x', 'y')","['x', 'ux', 'uy']","{'x': [7.550584262376824e-06, 1.166058648743922e-05], 'y': [1.875825906088394e-06, 2.81122973273064e-06], 'ux': [-0.054622956207420206, -0.006997000321331676], 'uy': [-0.025917595845500296, -0.01099033094551833], 'uz': [-0.09701071567369668, -0.002258558733202961]}"
0.0001,9.943182092630944e-05,500,electrons,"('ux', 'uy', 'uz', 'x', 'y')","['x', 'ux', 'uy', 'uz']","{'x': [1.1838086461217721e-05, 1.415503546802035e-05], 'y': [2.812744209090832e-06, 3.7494887196967313e-06], 'ux': [-0.004149112237186019, 0.0026117590205231105], 'uy': [0.00033725216949263273, 0.0029164696276031193], 'uz': [-0.006533101392232095, 0.0005970396248065196]}"
0.0001,9.945597244948806e-05,500,electrons,"('ux', 'uy', 'uz', 'x', 'y')","['uz', 'uy', 'ux']","{'x': [1.5149023326907366e-07, 7.499168411617433e-06], 'y': [1.8750682295525932e-06, 2.8124180336658632e-06], 'ux': [-0.1704083716167586, -0.02642412685239104], 'uy': [-0.07321151654298944, 0.05037403399433314], 'uz': [-0.41666420640615065, -0.18495759438325432]}"
0.0001,0.0001009292153633,500,electrons,"('ux', 'uy', 'uz', 'x', 'y')","['ux', 'y', 'x', 'uy', 'uz']","{'x': [2.301573220066114e-06, 7.1172708343340904e-06], 'y': [9.505729704740007e-07, 1.3685363157031053e-06], 'ux': [-0.12390116616279317, 0.0074633637692527455], 'uy': [-0.03267153985281053, 0.019024714441797746], 'uz': [-0.4678662247394292, -0.09686849230809616]}"
0.0001,0.0001006635486084,500,electrons,"('ux', 'uy', 'uz', 'x', 'y')","['ux', 'y', 'x', 'uy']","{'x': [5.07043909911711e-07, 4.645866132865072e-06], 'y': [1.0553926839814617e-05, 1.103181681281798e-05], 'ux': [-0.00794700250653168, -0.0006879200864514977], 'uy': [-0.020438030366736082, 0.00045223617679132286], 'uz': [-0.06919799806530584, 0.06364860682167528]}"
0.0001,9.926276026405924e-05,500,electrons,"('ux', 'uy', 'uz', 'x', 'y')","['x', 'y', 'uy', 'ux', 'uz']","{'x': [1.6271229677894187e-05, 1.9980475309013246e-05], 'y': [-2.648321415089546e-06, -1.931394416578481e-06], 'ux': [4.207518471879093e-06, 2.6757952021087162e-05], 'uy': [0.00029340281607161253, 0.0016507416950924396], 'uz': [6.958565715242165e-06, 8.278751231359762e-05]}"
0.0001,9.969748768127408e-05,500,electrons,"('ux', 'uy', 'uz', 'x', 'y')","['x', 'y', 'ux', 'uz']","{'x': [-1.4327219727653715e-05, -9.521415665345604e-06], 'y': [-3.6945983101046253e-06, -3.159812625957029e-06], 'ux': [-1.840805809000804e-05, 6.917794397500696e-05], 'uy': [-0.008829147713511898, 5.200793470513024e-05], 'uz': [-0.0004964257055908998, -9.231088633098025e-05]}"
0.0001,0.0001009292153633,500,electrons,"('ux', 'uy', 'uz', 'x', 'y')","['uz', 'ux', 'x', 'uy']","{'x': [2.24210773145031e-06, 7.362602405315147e-06], 'y': [-1.305434826134491e-05, -1.2226832668953718e-05], 'ux': [0.0004640885345944966, 0.002573778793362575], 'uy': [-0.013012659901133705, -0.0007361799900492613], 'uz': [0.0027528893344451162, 0.0051434443821988226]}"
0.0001,0.0001009775184097,500,electrons,"('ux', 'uy', 'uz', 'x', 'y')","['ux', 'y', 'x']","{'x': [2.8260670916440263e-06, 6.150121156326098e-06], 'y': [-3.5346991845898913e-06, -3.118528542888581e-06], 'ux': [-4.3461034195227294e-05, 0.00019365854736590334], 'uy': [-0.08391270126471621, 0.12543078255616208], 'uz': [-0.001372571198722547, 0.00670396061906399]}"
0.0001,0.0001002771242375,500,electrons,"('ux', 'uy', 'uz', 'x', 'y')","['y', 'uz', 'ux', 'uy']","{'x': [-7.49721289839781e-06, -1.5599816500281602e-07], 'y': [1.1214033564994941e-06, 1.5777953585639542e-06], 'ux': [0.030469938434102825, 0.17528892214866737], 'uy': [-0.04077944602413734, 0.03946243243928979], 'uz': [-0.4442833793314555, -0.1113630167558653]}"
0.0001,9.931106331041644e-05,500,electrons,"('ux', 'uy', 'uz', 'x', 'y')","['y', 'uy', 'ux', 'uz', 'x']","{'x': [-1.5510025808543916e-05, -6.991452867594307e-06], 'y': [1.97131635566716e-05, 2.0009906000092157e-05], 'ux': [-0.0002484721049633722, -5.4945614336914087e-05], 'uy': [-0.0002632970611013672, 0.0003903520953307983], 'uz': [3.4706312759339914e-06, 0.00011843371701877325]}"
0.0001,9.996315443623872e-05,500,electrons,"('ux', 'uy', 'uz', 'x', 'y')","['x', 'ux', 'y', 'uy', 'uz']","{'x': [1.5058497191822151e-05, 1.887573078529851e-05], 'y': [1.318352867254522e-05, 1.3777897894330614e-05], 'ux': [-3.410505246276525e-05, 2.8209856271919126e-07], 'uy': [7.377935467612424e-05, 0.0008150069141952456], 'uz': [-0.00021783564896862785, -1.7286517456902045e-05]}"
0.0001,9.950427549584528e-05,500,electrons,"('ux', 'uy', 'uz', 'x', 'y', 'z')","['uy', 'y', 'z']","{'x': [5.902595037584073e-06, 0.0007473421653270458], 'y': [-1.1005424769888663e-06, 0.0032823654090878233], 'z': [-0.0003979186687432729, 0.0004200473680431656], 'ux': [0.0071835245888879655, 0.6123643369830378], 'uy': [-14.375827039986493, 16.97722555510318], 'uz': [-1.0893127032817216, -0.1542857132092477]}"
0.0001,9.986654834352432e-05,500,electrons,"('ux', 'uy', 'uz', 'x', 'y', 'z')","['z', 'y', 'ux']","{'x': [5.868402805230231e-06, 0.0007449822479374417], 'y': [-0.003274386486900602, -6.224509237066347e-06], 'z': [-0.00022577658375053577, 0.004859982294802492], 'ux': [-57.87352712924937, 58.0906342527191], 'uy': [-0.6232568399533672, -0.07685510000872449], 'uz': [-0.25823298862506155, 0.07349795896901866]}"
0.0001,9.969748768127408e-05,500,electrons,"('ux', 'uy', 'uz', 'x', 'y', 'z')","['uy', 'y', 'z', 'x', 'ux']","{'x': [-0.00415944352246693, 0.007663371843409308], 'y': [-0.0037383420092392513, 0.00551922286145086], 'z': [3.774116517139738e-05, 0.007143566849815669], 'ux': [-0.2578994421565435, 0.2936385123375036], 'uy': [-2.9191319323315663, 2.815058637929807], 'uz': [0.015832370193305727, 0.03200218339429643]}"
0.0001,0.0001006635486084,500,electrons,"('ux', 'uy', 'uz', 'x', 'y', 'z')","['uz', 'z', 'y', 'uy']","{'x': [-0.0007449985225405144, -5.8689512696548736e-06], 'y': [-0.0030754852094592665, -1.7163320256064016e-05], 'z': [-0.0015746076695406794, 0.006421840959558364], 'ux': [-0.2623066796865126, -0.002879367661399116], 'uy': [-40.862152288644204, 40.09138452038972], 'uz': [-12.791683830783674, 12.725476219951544]}"
0.0001,0.0001005910940388,500,electrons,"('ux', 'uy', 'uz', 'x', 'y', 'z')","['uz', 'y', 'x', 'uy']","{'x': [-0.0007301841174666388, -1.9868373598627763e-05], 'y': [-7.763875284427186e-05, -1.5969409722713015e-05], 'z': [3.12892431528734e-05, 0.00013747862336387442], 'ux': [-133.8081099441494, 32.79498101698111], 'uy': [-83.12359551331141, 63.90839337078586], 'uz': [-282.3578832863842, 150.81854211282922]}"
0.0001,0.0001005910940388,500,electrons,"('ux', 'uy', 'uz', 'x', 'y', 'z')","['x', 'ux', 'uz', 'y', 'z']","{'x': [-0.005054906191680693, 0.007302011021653215], 'y': [6.5296924070322275e-06, 0.0015872493246607052], 'z': [2.2297253615094752e-05, 0.00035929893105891993], 'ux': [0.034527454620762565, 1.8582111378174906], 'uy': [-0.010610699798199088, 0.4116918221460909], 'uz': [-87.90389120071578, 91.10864569085581]}"
0.0001,9.90212450322732e-05,500,electrons,"('ux', 'uy', 'uz', 'x', 'y', 'z')","['y', 'ux', 'z', 'x']","{'x': [-0.04030985505178098, 0.042560630136858034], 'y': [-0.0008952518637566909, 0.004364300200512977], 'z': [3.416091855575499e-05, 0.004172553130630187], 'ux': [-7.194015088920404, 7.252720404762792], 'uy': [0.04689446635006578, 0.1967441471029549], 'uz': [-0.29237951516024646, -0.01332313457410648]}"
0.0001,9.950427549584528e-05,500,electrons,"('ux', 'uy', 'uz', 'x', 'y', 'z')","['uz', 'z', 'x', 'ux', 'y']","{'x': [-0.02144679149481786, 0.024950682642441817], 'y': [-0.004096720630518467, 0.0011902885833136433], 'z': [3.942967655006608e-05, 0.006929266118784845], 'ux': [-0.5023393099994053, 0.4754833730383273], 'uy': [-0.07766652257948035, -0.03314939800541765], 'uz': [-0.9643557743771738, 0.9123273561001546]}"
0.0001,0.0001003254272839,500,electrons,"('ux', 'uy', 'uz', 'x', 'y', 'z')","['x', 'y', 'ux', 'z', 'uz']","{'x': [-0.05469763643846464, 0.05244700851261364], 'y': [-0.0017725785254856267, -8.519429507196862e-06], 'z': [-0.0018880045885294832, 0.0018818704441087416], 'ux': [-79.74555448098494, 76.61785017042448], 'uy': [-1.3288043192189336, -0.17295793488925368], 'uz': [-178.70702689467885, 177.249136611341]}"
0.0001,9.945597244948806e-05,500,electrons,"('ux', 'uy', 'uz', 'x', 'y', 'z')","['uz', 'ux', 'y', 'x']","{'x': [-0.015670633647969646, 0.01791869310688409], 'y': [8.397940620734129e-06, 0.0025228875298937727], 'z': [-5.086202670862823e-06, 3.1235790558031075e-05], 'ux': [-2.9171569353802456, 4.887319355273648], 'uy': [0.16451925710093798, 1.687176613589807], 'uz': [-83.54308348119771, 82.9313465015514]}"
0.0001,0.0001009292153633,500,electrons,"('ux', 'uy', 'uz', 'x', 'y', 'z')","['z', 'uz', 'y']","{'x': [-0.0007481010294988035, -5.509687238447365e-06], 'y': [-0.00063598407545746, 0.002417272780685752], 'z': [3.4826001977267154e-05, 0.0014089637009797465], 'ux': [-1.557452513558197, -0.009297710189106408], 'uy': [-0.034111757302803004, 7.095918399942021], 'uz': [-73.4324890804222, 71.16256885968754]}"
0.0001,0.0001009292153633,500,electrons,"('ux', 'uy', 'uz', 'x', 'y', 'z')","['y', 'z', 'uy', 'x']","{'x': [-0.07053272578085037, 0.06978000155845604], 'y': [-0.003648370098310675, 0.0005511809622211115], 'z': [5.17765390289286e-06, 0.0027094870684122767], 'ux': [0.0001816464048083281, 0.06037516116029636], 'uy': [-35.78350020642561, 35.91238756625021], 'uz': [-0.9927818870493752, -0.4652249261974617]}"
0.0001,0.0001002288211912,500,electrons,"('ux', 'uy', 'uz', 'x', 'y', 'z')","['y', 'uz', 'x', 'ux', 'z']","{'x': [-0.028511290137486975, 0.029262565544195845], 'y': [-0.005782707402380562, 0.0021251227036500403], 'z': [3.809694805049948e-05, 0.0031056287594574553], 'ux': [-2.5578900516950163, 2.6404267819900746], 'uy': [-0.23058682664723018, -0.12864171472879632], 'uz': [-9.91718336051675, 9.211393699384695]}"
0.0001,0.0001009050638402,500,electrons,"('ux', 'uy', 'uz', 'x', 'y', 'z')","['z', 'ux', 'uy', 'y', 'x']","{'x': [-0.01071387581101811, 0.012958864781751863], 'y': [-0.003034162413997118, 0.003877914162072044], 'z': [3.6221813030767186e-06, 0.0035651280984101696], 'ux': [-101.15298210120895, 96.38176070114969], 'uy': [-57.635054240561075, 54.31116904579709], 'uz': [-3.826967247818161, -0.7882655122565448]}"
0.0001,9.998730595941732e-05,500,electrons,"('ux', 'uy', 'uz', 'x', 'y', 'z')","['uy', 'y', 'x', 'ux', 'z']","{'x': [-0.00974775777308962, 0.006243934417134923], 'y': [-0.0024012426577185806, 0.0013737651863854764], 'z': [3.1103331982101304e-05, 0.0026841536537989146], 'ux': [-2.2258994832814714, 2.3584994704812448], 'uy': [-1.2413174899827069, 1.3206564048839597], 'uz': [-0.6408589697301089, -0.13226463969198612]}"
0.0001,9.940766940313085e-05,500,electrons,"('ux', 'uy', 'x', 'y')","['x', 'y', 'uy', 'ux']","{'x': [-1.2285931686638316e-05, -7.665016521338319e-06], 'y': [-1.7710759301234466e-06, -1.2307343668315541e-06], 'ux': [-0.08671482772182895, 0.01243325017686539], 'uy': [-0.024731726041933647, -0.011970508382677898]}"
0.0001,9.926276026405924e-05,500,electrons,"('ux', 'uy', 'x', 'y')","['y', 'x', 'ux', 'uy']","{'x': [1.5227681136688119e-05, 1.8149418484943393e-05], 'y': [1.4367141288918075e-05, 1.483278846429504e-05], 'ux': [-0.0003774556941505694, -0.00013889142043946404], 'uy': [0.0001984697961329763, 0.00041281188728166363]}"
0.0001,9.964918463491687e-05,500,electrons,"('ux', 'uy', 'x', 'y')","['uy', 'ux', 'x']","{'x': [-1.9182613650982663e-05, -1.650426829176883e-05], 'y': [1.7871235073821407e-05, 1.869216695690328e-05], 'ux': [-4.905791892470234e-05, 6.684503061805055e-05], 'uy': [-0.0004940737972508562, -1.5330020883801555e-05]}"
0.0001,0.0001001322150984,500,electrons,"('ux', 'uy', 'x', 'y')","['uy', 'x', 'ux']","{'x': [1.5406693039219967e-05, 1.801767599204095e-05], 'y': [-1.9981862652334525e-05, -1.9746790589479513e-05], 'ux': [-0.00020315604305679545, 3.569377229326836e-05], 'uy': [-0.0003305532514433514, 7.674619860245811e-05]}"
0.0001,9.969748768127408e-05,500,electrons,"('ux', 'uy', 'x', 'y')","['ux', 'x', 'y']","{'x': [-1.8448170513112263e-05, -1.5540072199063548e-05], 'y': [1.43182568591807e-05, 1.494066030492332e-05], 'ux': [0.0003562664833825373, 0.0006583830281498366], 'uy': [0.0004714684822213841, 0.0007394970835110524]}"
0.0001,0.0001008326092706,500,electrons,"('ux', 'uy', 'x', 'y')","['x', 'uy', 'ux']","{'x': [1.555518966095092e-05, 1.9980468839201056e-05], 'y': [1.599605650498795e-05, 1.6816406817318632e-05], 'ux': [2.4165725875851114e-09, 1.3620749996774401e-06], 'uy': [-4.935724572917131e-05, -2.5387742266405844e-08]}"
0.0001,9.90695480786304e-05,500,electrons,"('ux', 'uy', 'x', 'y')","['y', 'ux', 'uy']","{'x': [5.8596397002123976e-08, 7.4414967296026395e-06], 'y': [-2.5094440516985496e-06, -2.1609185106314567e-06], 'ux': [2.8390499708412898e-05, 0.00011354307750406665], 'uy': [-0.022632416952139946, 0.022077797374196823]}"
0.0001,0.0001000839120521,500,electrons,"('ux', 'uy', 'x', 'y')","['x', 'ux', 'uy', 'y']","{'x': [1.505859315577395e-05, 1.8640329706864493e-05], 'y': [-1.8691415774664227e-05, -1.8257149047182262e-05], 'ux': [-1.1291472294795806e-06, 2.064573053426792e-08], 'uy': [-4.156399841691575e-05, -6.684601663029954e-06]}"
0.0001,9.916615417134482e-05,500,electrons,"('ux', 'uy', 'x', 'y')","['y', 'ux', 'x']","{'x': [-1.278779245622318e-05, -1.100933553358043e-05], 'y': [6.2777861262661896e-06, 6.502113151450708e-06], 'ux': [-0.0006117427695455317, 0.005593013827975399], 'uy': [-0.017820103279286584, -0.0005496863163651327]}"
0.0001,0.0001001322150984,500,electrons,"('ux', 'uy', 'x', 'y')","['y', 'x', 'ux']","{'x': [-1.3295090736233918e-05, -1.0393047498477921e-05], 'y': [-1.1911837743000106e-05, -1.1623856709701836e-05], 'ux': [-0.00013705837453757886, -4.204542024773969e-05], 'uy': [-0.00785861185998545, 0.016604585316300862]}"
0.0001,0.0001001322150984,500,electrons,"('ux', 'uy', 'x', 'y')","['ux', 'uy', 'y', 'x']","{'x': [-1.4002225562365904e-05, -8.688646090658657e-06], 'y': [-8.048893288549552e-06, -7.599283011134155e-06], 'ux': [-1.864870640456969e-05, 0.00016067176713704218], 'uy': [-0.004333139777913625, -0.0013245707024378993]}"
0.0001,9.916615417134482e-05,500,electrons,"('ux', 'uy', 'x', 'y')","['ux', 'x', 'uy', 'y']","{'x': [1.6077766982011046e-05, 1.981903950734229e-05], 'y': [1.9745396982878446e-05, 1.995921257851973e-05], 'ux': [-0.0004504808185830644, -0.0002212906792348769], 'uy': [0.0002545693417258721, 0.0007751527121911169]}"
0.0001,9.91420026481662e-05,500,electrons,"('ux', 'uy', 'x', 'y')","['y', 'ux', 'uy', 'x']","{'x': [1.46761089895454e-05, 2.105745709800928e-05], 'y': [-1.3203724319024103e-05, -1.2246371477930132e-05], 'ux': [-9.275654148127314e-12, 2.4063699928932935e-12], 'uy': [-1.2350022741623893e-09, 3.534031418240266e-10]}"
0.0001,0.000100615245562,500,electrons,"('ux', 'uy', 'x', 'y')","['x', 'uy', 'ux']","{'x': [1.5061347722489559e-05, 1.9068866480487534e-05], 'y': [1.9745136001149126e-05, 1.9980300383360484e-05], 'ux': [-0.00039298808671024883, -0.00022396416369726627], 'uy': [0.00035933376313025656, 0.0006492079938093564]}"
0.0001,0.0001006877001315,500,electrons,"('ux', 'uy', 'x', 'y')","['uy', 'x', 'ux']","{'x': [-4.4456497219510305e-06, -2.812828446701053e-07], 'y': [9.376509162499818e-07, 1.8749174638733964e-06], 'ux': [-1.2651818869738243, -0.3543237031497119], 'uy': [-0.2655728876300787, 0.6869708579270561]}"
0.0001,0.0001007360031779,500,electrons,"('x',)",['x'],"{'x': [-3.8184719079870285e-07, -3.680330221929324e-07]}"
0.0001,0.0001004461848998,500,electrons,"('x',)",['x'],"{'x': [-1.7558398066958115e-06, -1.7480664433046824e-06]}"
0.0001,9.993900291306013e-05,500,electrons,"('x',)",['x'],"{'x': [5.952547075411168e-07, 6.094144767169258e-07]}"
0.0001,9.9093699601809e-05,500,electrons,"('x',)",['x'],"{'x': [-3.084893021066936e-06, -3.076089972892592e-06]}"
0.0001,0.0001003978818534,500,electrons,"('x',)",['x'],"{'x': [-4.472994909846731e-07, -4.371826902354582e-07]}"
0.0001,0.0001009050638402,500,electrons,"('x',)",['x'],"{'x': [-1.6547584650522772e-06, -1.6450912480977255e-06]}"
0.0001,9.969748768127408e-05,500,electrons,"('x',)",['x'],"{'x': [3.7543378025427465e-07, 3.890002982837977e-07]}"
0.0001,9.950427549584528e-05,500,electrons,"('x',)",['x'],"{'x': [1.1232589395788252e-06, 1.1267554244379567e-06]}"
0.0001,9.919030569452342e-05,500,electrons,"('x',)",['x'],"{'x': [-3.82956496238183e-07, -3.6934027677049954e-07]}"
0.0001,9.967333615809548e-05,500,electrons,"('x',)",['x'],"{'x': [-1.4773638075248717e-06, -1.4740811118388436e-06]}"
0.0001,9.945597244948806e-05,500,electrons,"('x',)",['x'],"{'x': [-5.0782173230438195e-08, -4.1205288892417274e-08]}"
0.0001,9.972163920445268e-05,500,electrons,"('x',)",['x'],"{'x': [-1.7558400126976761e-06, -1.748128104446113e-06]}"
0.0001,0.0001006635486084,500,electrons,"('x',)",['x'],"{'x': [-2.0344977583407223e-06, -2.023057804127389e-06]}"
0.0001,0.0001005910940388,500,electrons,"('x',)",['x'],"{'x': [1.2051132268276721e-06, 1.2188302203013123e-06]}"
0.0001,9.948012397266666e-05,500,electrons,"('x',)",['x'],"{'x': [-9.277057135152175e-07, -9.178567793917757e-07]}"
0.0001,0.0001002771242375,500,electrons,"('x', 'y')","['x', 'y']","{'x': [3.5858295987243708e-06, 4.736627177459615e-06], 'y': [-8.086646140861116e-06, -7.932254169469276e-06]}"
0.0001,0.0001006635486084,500,electrons,"('x', 'y')","['x', 'y']","{'x': [-3.3593647108194545e-06, -2.224706712284018e-06], 'y': [-6.037297037101969e-06, -5.912791356117667e-06]}"
0.0001,0.0001000356090057,500,electrons,"('x', 'y')","['x', 'y']","{'x': [4.774944827156334e-06, 6.0557552758238016e-06], 'y': [1.53239808005979e-05, 1.546533499020508e-05]}"
0.0001,9.919030569452342e-05,500,electrons,"('x', 'y')","['x', 'y']","{'x': [1.6974020468732937e-05, 1.8340245893613895e-05], 'y': [-1.9874993807825496e-05, -1.9839450824554064e-05]}"
0.0001,9.919030569452342e-05,500,electrons,"('x', 'y')","['y', 'x']","{'x': [-1.2041600880750557e-05, -1.1024133221776087e-05], 'y': [-8.009533698963376e-06, -7.869710460880977e-06]}"
0.0001,9.90695480786304e-05,500,electrons,"('x', 'y')","['x', 'y']","{'x': [-4.806614992252117e-06, -2.9419702067660313e-06], 'y': [1.2863993694627633e-06, 1.3699116247036377e-06]}"
0.0001,9.969748768127408e-05,500,electrons,"('x', 'y')","['x', 'y']","{'x': [-3.992889534859721e-06, -2.5687716448343286e-06], 'y': [-1.9874642052471217e-05, -1.9806757095145206e-05]}"
0.0001,9.998730595941732e-05,500,electrons,"('x', 'y')","['x', 'y']","{'x': [2.4346887110454988e-06, 3.1838303420747664e-06], 'y': [1.6576661053288635e-05, 1.674050220526651e-05]}"
0.0001,9.935936635677363e-05,500,electrons,"('x', 'y')","['x', 'y']","{'x': [2.495982818596136e-06, 3.1220595602553825e-06], 'y': [-1.7431500786471654e-05, -1.7235578388633178e-05]}"
0.0001,0.0001000839120521,500,electrons,"('x', 'y')","['x', 'y']","{'x': [-1.7208774375210594e-05, -1.6276923629647775e-05], 'y': [-1.177039582988492e-05, -1.1644668007906285e-05]}"
0.0001,0.0001004703364229,500,electrons,"('x', 'y')","['y', 'x']","{'x': [-1.8205514624069788e-05, -1.7186227843303426e-05], 'y': [-1.271031577803894e-05, -1.2555927227214552e-05]}"
0.0001,9.98423968203457e-05,500,electrons,"('x', 'y')","['x', 'y']","{'x': [1.8217723619547185e-05, 1.8915821845246467e-05], 'y': [1.1891015061888177e-05, 1.208875975099913e-05]}"
0.0001,0.000100880912317,500,electrons,"('x', 'y')","['x', 'y']","{'x': [1.4479481971443704e-06, 2.8070747878383313e-06], 'y': [-5.1390404856912005e-06, -5.0164651043344355e-06]}"
0.0001,0.0001008084577474,500,electrons,"('x', 'y')","['x', 'y']","{'x': [2.771316299093279e-06, 4.1326947013562e-06], 'y': [-4.234347604015672e-06, -4.106532400934458e-06]}"
0.0001,9.940766940313085e-05,500,electrons,"('x', 'y')","['x', 'y']","{'x': [1.5058580776563527e-05, 1.6417248060149643e-05], 'y': [7.1615950414641676e-06, 7.264540283080233e-06]}"
0.0001,9.979409377398852e-05,500,electrons,"('x', 'y', 'z')","['z', 'y']","{'x': [7.589201061400485e-07, 1.4944095248476916e-06], 'y': [-2.9000654771261533e-06, 9.346498607971473e-07], 'z': [8.265950441839752e-07, 4.019859972229284e-06]}"
0.0001,0.0001005910940388,500,electrons,"('x', 'y', 'z')","['z', 'y']","{'x': [5.867551477169289e-09, 7.449112160794852e-07], 'y': [-3.5367656421830526e-06, -3.0718663907492633e-07], 'z': [2.5151609611736064e-07, 3.531209695335715e-06]}"
0.0001,0.0001007360031779,500,electrons,"('x', 'y', 'z')","['x', 'y']","{'x': [-8.53318181032814e-06, 5.029311416937815e-06], 'y': [-3.555780974374007e-06, 1.7757828052624847e-06], 'z': [2.481690491315719e-06, 2.5750419978648826e-06]}"
0.0001,0.0001001322150984,500,electrons,"('x', 'y', 'z')","['z', 'x', 'y']","{'x': [-3.1536764533745334e-06, 3.903678324092893e-06], 'y': [-2.085960892999995e-06, -1.3831695793978533e-06], 'z': [3.1305105880514325e-06, 4.2630918159937615e-06]}"
0.0001,0.0001001322150984,500,electrons,"('x', 'y', 'z')","['y', 'z', 'x']","{'x': [-4.3053240309222455e-06, 2.0570683436140517e-06], 'y': [-1.4242195083983546e-06, -3.5365526817954414e-07], 'z': [1.3418187458375398e-06, 2.6454512477070466e-06]}"
0.0001,0.0001001322150984,500,electrons,"('x', 'y', 'z')","['x', 'z']","{'x': [-1.1097330036378745e-05, 1.0346174159426398e-05], 'y': [5.625066170818233e-07, 6.56122775360948e-07], 'z': [-8.980489336744725e-07, 3.616776631770827e-06]}"
0.0001,0.0001005669425157,500,electrons,"('x', 'y', 'z')","['x', 'z']","{'x': [-1.1462233608830383e-05, 1.4967868169949475e-05], 'y': [1.9303146759383289e-07, 2.7545648171832476e-07], 'z': [-3.1535091308286484e-06, 3.7438646252881087e-06]}"
0.0001,0.0001001322150984,500,electrons,"('x', 'y', 'z')","['y', 'x', 'z']","{'x': [-4.378392441546146e-06, 8.745734554345019e-07], 'y': [3.0658023006935937e-07, 1.0990647029161975e-06], 'z': [2.1183200889714237e-06, 3.1507479295152475e-06]}"
0.0001,0.0001007601547011,500,electrons,"('x', 'y', 'z')","['z', 'x']","{'x': [-1.1252281090064951e-05, 9.007664112054697e-06], 'y': [6.505268536399035e-09, 8.819175047101132e-08], 'z': [1.328543961009299e-07, 3.435889117624308e-06]}"
0.0001,9.9093699601809e-05,500,electrons,"('x', 'y', 'z')","['z', 'y']","{'x': [-7.441406222756298e-07, -5.8593720317677416e-09], 'y': [-1.142485088476625e-07, 1.5828382450514797e-06], 'z': [4.821310941930383e-06, 6.6854035935514805e-06]}"
0.0001,0.0001001563666216,500,electrons,"('x', 'y', 'z')","['x', 'z']","{'x': [-1.5230757108595484e-05, 1.598083940707871e-05], 'y': [-8.40638530826373e-07, -7.536444612697023e-07], 'z': [1.7919959114457907e-06, 5.178409281146842e-06]}"
0.0001,9.950427549584528e-05,500,electrons,"('x', 'y', 'z')","['y', 'z']","{'x': [-1.4950519474474184e-06, -7.595557788826274e-07], 'y': [-2.9899358380200075e-06, 4.589581384492243e-07], 'z': [-2.6548439510124042e-08, 3.806849875226953e-06]}"
0.0001,9.916615417134482e-05,500,electrons,"('x', 'y', 'z')","['y', 'z', 'x']","{'x': [-3.412395324524038e-06, 4.163158214830374e-06], 'y': [-1.825345616319156e-06, -8.909502042489868e-07], 'z': [2.0889060774245697e-06, 3.184242445779862e-06]}"
0.0001,0.0001004220333766,500,electrons,"('x', 'y', 'z')","['x', 'y']","{'x': [-1.6728506928008034e-05, 1.4484321268934264e-05], 'y': [-5.318730345887046e-07, 2.5006135826447744e-06], 'z': [8.814440693727824e-07, 9.87375336491188e-07]}"
0.0001,0.0001002771242375,500,electrons,"('x', 'y', 'z')","['x', 'y']","{'x': [-1.5238197089988619e-05, 1.8743254115570454e-05], 'y': [-3.185436329297156e-06, 2.8028234855273856e-07], 'z': [8.876091986861931e-07, 9.807980468636053e-07]}"
0.001,0.0010012255448921,500,electrons,"('ux',)",['ux'],"{'ux': [-0.00666174800342621, -0.006509938636937755]}"
0.001,0.0010049448794616,500,electrons,"('ux',)",['ux'],"{'ux': [-0.00011761415328403597, -0.00011557700457019852]}"
0.001,0.0010041961822431,500,electrons,"('ux',)",['ux'],"{'ux': [1.5508515618437515e-06, 1.8396534001140967e-06]}"
0.001,0.000994318209263,500,electrons,"('ux',)",['ux'],"{'ux': [-0.0002929148975075444, -0.0002878259549568643]}"
0.001,0.0010000904233027,500,electrons,"('ux',)",['ux'],"{'ux': [0.00015265170967979219, 0.00015483870908731181]}"
0.001,0.001000935726614,500,electrons,"('ux',)",['ux'],"{'ux': [-0.012586446045687677, -0.012178827592480568]}"
0.001,0.0009953325732365,500,electrons,"('ux',)",['ux'],"{'ux': [-0.0002898308074064155, -0.0002848529147707002]}"
0.001,0.0010077706076735,500,electrons,"('ux',)",['ux'],"{'ux': [0.00052013662071866, 0.0005272455574854574]}"
0.001,0.0009984481197266,500,electrons,"('ux',)",['ux'],"{'ux': [0.000199338643705671, 0.00020215102601564352]}"
0.001,0.0010089540323093,500,electrons,"('ux',)",['ux'],"{'ux': [1.581759709417433e-06, 1.8743388227509284e-06]}"
0.001,0.0009964918463491,500,electrons,"('ux',)",['ux'],"{'ux': [0.01238258236086656, 0.012803204069461017]}"
0.001,0.0010051139401239,500,electrons,"('ux',)",['ux'],"{'ux': [0.0001190691816971433, 0.00012113411033659593]}"
0.001,0.0010067320921768,500,electrons,"('ux',)",['ux'],"{'ux': [-0.000457109616102157, -0.00045037816768645796]}"
0.001,0.001001346302508,500,electrons,"('ux',)",['ux'],"{'ux': [1.1480396314539537e-09, 1.9044062076530524e-09]}"
0.001,0.0009978684831703,500,electrons,"('ux',)",['ux'],"{'ux': [1.3568886240249069e-05, 1.4348417702891814e-05]}"
0.001,0.0009955016338988,500,electrons,"('ux', 'uy')","['uy', 'ux']","{'ux': [0.0035157754311341263, 0.005262425916797099], 'uy': [0.002485966517998985, 0.004116601661229895]}"
0.001,0.0009953567247597,500,electrons,"('ux', 'uy')","['uy', 'ux']","{'ux': [-6.725478004117887e-06, -8.705054150276283e-07], 'uy': [0.0016522002581947544, 0.004665110182605113]}"
0.001,0.0010039305154881,500,electrons,"('ux', 'uy')","['uy', 'ux']","{'ux': [0.0010483433474439091, 0.0012494512949246088], 'uy': [0.0004644622481257889, 0.0006725476655218123]}"
0.001,0.0010077947591967,500,electrons,"('ux', 'uy')","['ux', 'uy']","{'ux': [0.00012930577361741435, 0.000204260779727445], 'uy': [0.0011438566550645885, 0.0016039366287027954]}"
0.001,0.0009961295735014,500,electrons,"('ux', 'uy')","['ux', 'uy']","{'ux': [6.104142125522879e-05, 6.94211494678967e-05], 'uy': [-0.001369743467975567, -0.0005249159853632889]}"
0.001,0.0009994383321769,500,electrons,"('ux', 'uy')","['uy', 'ux']","{'ux': [-0.0006525055106451695, -0.00047843216788112614], 'uy': [0.000777109555707738, 0.0009055285314836242]}"
0.001,0.0010033991819782,500,electrons,"('ux', 'uy')","['ux', 'uy']","{'ux': [-0.0007131635361283216, -0.0005765532764232613], 'uy': [0.00058691133549895, 0.0006699594315190174]}"
0.001,0.0010002353324418,500,electrons,"('ux', 'uy')","['ux', 'uy']","{'ux': [0.00037927623805018845, 0.0005402011548036286], 'uy': [0.0005326907822393676, 0.0006186035065306112]}"
0.001,0.0009953084217134,500,electrons,"('ux', 'uy')","['ux', 'uy']","{'ux': [6.034558685503917e-06, 2.898181001881637e-05], 'uy': [-0.0034681184674989524, -0.0026359068837535494]}"
0.001,0.0009987379380047,500,electrons,"('ux', 'uy')","['ux', 'uy']","{'ux': [-0.0008223921872438855, -0.0007526453214378123], 'uy': [-0.00010695846026438245, 0.00023127775948722694]}"
0.001,0.001008640062508,500,electrons,"('ux', 'uy')","['ux', 'uy']","{'ux': [1.9698082390919427e-10, 1.7543262909351358e-09], 'uy': [-1.1440046021855904e-07, 2.228853514305034e-09]}"
0.001,0.0009925068450246,500,electrons,"('ux', 'uy')","['uy', 'ux']","{'ux': [-0.0004362387826484874, -0.00033554730226887915], 'uy': [0.0010612004006143498, 0.0014158456750562372]}"
0.001,0.0009911302082035,500,electrons,"('ux', 'uy')","['uy', 'ux']","{'ux': [-0.00015701558132385655, -0.00011179011059391642], 'uy': [-0.000572210914194277, -0.0004282879896989923]}"
0.001,0.0009924102389319,500,electrons,"('ux', 'uy')","['uy', 'ux']","{'ux': [-1.2092641254201429e-05, -6.121391112655784e-06], 'uy': [0.0006125091129632009, 0.001216920806836406]}"
0.001,0.0009953567247597,500,electrons,"('ux', 'uy')","['ux', 'uy']","{'ux': [0.04319018991763979, 0.08758827365970542], 'uy': [0.08878468255877693, 0.13997360580880033]}"
0.001,0.0010098717901901,500,electrons,"('ux', 'uy', 'uz')",['uy'],"{'ux': [-0.0002032615418577806, -1.4647118901679627e-05], 'uy': [-0.00014092884962991174, 0.00010045220661295967], 'uz': [-0.00014810496569316153, -7.13284257936541e-05]}"
0.001,0.0009902366018459,500,electrons,"('ux', 'uy', 'uz')","['ux', 'uy', 'uz']","{'ux': [0.007277538992390673, 0.03181224910382904], 'uy': [-0.013622228622027634, -0.0041181902135768965], 'uz': [-0.002819228713081071, 0.009283487133320603]}"
0.001,0.0009990036047597,500,electrons,"('ux', 'uy', 'uz')","['uy', 'ux']","{'ux': [0.01893849738675898, 0.024902997462821975], 'uy': [-0.027235390525316226, 0.004939943700050763], 'uz': [-0.05016592511088785, 0.020462176299892172]}"
0.001,0.0009918306023756,500,electrons,"('ux', 'uy', 'uz')","['ux', 'uy']","{'ux': [0.0020951694884027545, 0.006829740786627346], 'uy': [0.0005904594620142772, 0.002066142737042093], 'uz': [-9.1794466954201e-05, 0.023528463029772417]}"
0.001,0.000998641331912,500,electrons,"('ux', 'uy', 'uz')","['uy', 'ux', 'uz']","{'ux': [-5.466950959810212e-07, 3.306228375597919e-06], 'uy': [-9.720783438670917e-05, -3.348130151376467e-05], 'uz': [4.754429332515949e-06, 4.9020223784364806e-05]}"
0.001,0.0009928691178723,500,electrons,"('ux', 'uy', 'uz')",['uz'],"{'ux': [2.601937837041168e-06, 9.292325321497868e-05], 'uy': [-0.00016073038460141488, 0.0007321584404292544], 'uz': [2.2903120792878366e-05, 3.394343588616318e-05]}"
0.001,0.0009930864815809,500,electrons,"('ux', 'uy', 'uz')",['ux'],"{'ux': [-0.0001169092734929033, -5.3612146275174456e-05], 'uy': [-0.00019989861843764658, 0.0005095664413307384], 'uz': [7.132987844869302e-06, 3.981134128869418e-05]}"
0.001,0.0009971680889981,500,electrons,"('ux', 'uy', 'uz')",['uz'],"{'ux': [2.0209329242214273e-07, 1.1779878255474202e-05], 'uy': [-0.0022749688968640575, 0.0017266929074909714], 'uz': [2.1419276922218235e-05, 3.603692660306044e-05]}"
0.001,0.0010012738479385,500,electrons,"('ux', 'uy', 'uz')","['uz', 'ux']","{'ux': [-0.00024713890007889086, 6.344221100679356e-05], 'uy': [4.861923943410689e-05, 9.403890980652768e-05], 'uz': [-0.00019801188898493498, -2.2426348602550355e-05]}"
0.001,0.000991202662773,500,electrons,"('ux', 'uy', 'uz')","['uz', 'ux']","{'ux': [7.4967502932141e-05, 0.00020380043123494477], 'uy': [6.138539269193474e-05, 0.0004494735330316869], 'uz': [-0.00039530057460840254, -7.917323862551931e-05]}"
0.001,0.0009965401493955,500,electrons,"('ux', 'uy', 'uz')","['uz', 'ux', 'uy']","{'ux': [-0.0006071564977615172, -0.0003528715316567765], 'uy': [0.0003494795634520021, 0.0008229431417586558], 'uz': [-0.0007927824196325672, -0.0003818597891426021]}"
0.001,0.0009930140270114,500,electrons,"('ux', 'uy', 'uz')",['ux'],"{'ux': [-6.898911372229489e-05, 1.8380101585979758e-05], 'uy': [-4.0191153425194175e-05, 0.00011770931656285803], 'uz': [-0.00041907163581872826, -5.6323551970474904e-05]}"
0.001,0.0010000179687332,500,electrons,"('ux', 'uy', 'uz')","['ux', 'uz', 'uy']","{'ux': [0.0011034190861169582, 0.002279348683557157], 'uy': [-0.0010359262078380158, -0.00042572435962663765], 'uz': [-0.000732889753903809, 0.0014340704041985312]}"
0.001,0.001007021910455,500,electrons,"('ux', 'uy', 'uz')","['uz', 'uy']","{'ux': [-8.170526741359046e-05, -1.370131402936059e-05], 'uy': [8.156504458272211e-05, 0.00030767415276627096], 'uz': [9.685838420199796e-06, 6.697073107511526e-05]}"
0.001,0.0010024089695279,500,electrons,"('ux', 'uy', 'uz')","['ux', 'uz']","{'ux': [-3.393585869035308e-05, 6.062160277289411e-05], 'uy': [-0.0001509327367189261, -7.539667905778221e-05], 'uz': [-7.193887069724826e-05, 0.000114263628875184]}"
0.001,0.0009913717234353,500,electrons,"('ux', 'uy', 'uz', 'x')","['x', 'uy', 'ux', 'uz']","{'x': [1.627590068727319e-05, 1.9393902965708538e-05], 'ux': [0.0003066247882514082, 0.0005530246848756804], 'uy': [-0.0001888336156148963, 0.0007568619994411016], 'uz': [-0.0009610809953237235, -0.00014994872187855726]}"
0.001,0.0010081811835676,500,electrons,"('ux', 'uy', 'uz', 'x')","['x', 'uy', 'ux']","{'x': [-7.026394472836561e-06, -2.1527809472791575e-06], 'ux': [-0.0011077605411750962, -0.000153792897227304], 'uy': [-0.00019307538641539558, 0.0015349081306627905], 'uz': [-0.0002837565157121772, 0.0011829808011417369]}"
0.001,0.0009984964227729,500,electrons,"('ux', 'uy', 'uz', 'x')","['x', 'ux', 'uy', 'uz']","{'x': [-7.437039197305581e-06, -1.5814098395775228e-06], 'ux': [0.0130860628357381, 0.09123234466575303], 'uy': [-0.23628105925344262, -0.020428717323027035], 'uz': [-0.05116901293337765, 0.016021046539701874]}"
0.001,0.0009983273621107,500,electrons,"('ux', 'uy', 'uz', 'x')","['x', 'uy', 'ux', 'uz']","{'x': [1.3238809347942732e-06, 4.082752596193936e-06], 'ux': [7.673763707865568e-05, 0.00013017016254144063], 'uy': [0.010236083356817999, 0.05085755790171458], 'uz': [-0.0036765255951599412, 0.0006144008181324543]}"
0.001,0.0010018051814484,500,electrons,"('ux', 'uy', 'uz', 'x')","['uy', 'ux', 'x', 'uz']","{'x': [1.553427060670879e-05, 1.9468515237481766e-05], 'ux': [1.0201015543920383e-06, 4.937324941662793e-06], 'uy': [-0.0013688041100228913, 0.0007885743546333521], 'uz': [-1.0139667681630232e-05, 1.436384232203506e-05]}"
0.001,0.0010057418797265,500,electrons,"('ux', 'uy', 'uz', 'x')","['uy', 'uz', 'ux', 'x']","{'x': [-1.921597543466746e-05, -1.652983939597511e-05], 'ux': [-6.8926485449947205e-06, 3.478431425856525e-05], 'uy': [-0.0013488188452937166, 0.0012579616553020465], 'uz': [-7.003811933074232e-05, -2.548822937006069e-05]}"
0.001,0.0009924343904551,500,electrons,"('ux', 'uy', 'uz', 'x')","['ux', 'x', 'uy']","{'x': [-1.911320074220007e-05, -1.5063702672334975e-05], 'ux': [-0.0007949822749828163, -0.0006101895615115399], 'uy': [-8.106600936387168e-05, 0.0007270155667600336], 'uz': [-0.0002203486719742296, 0.0001651962546575158]}"
0.001,0.0009958156037001,500,electrons,"('ux', 'uy', 'uz', 'x')","['uy', 'uz', 'x', 'ux']","{'x': [9.421575841312883e-06, 1.3329618991056393e-05], 'ux': [0.0033985446574787284, 0.006768555085799649], 'uy': [-0.005328341603107058, -0.0016258389650985763], 'uz': [-0.009385217888692524, -0.003512010681783371]}"
0.001,0.0009917339962829,500,electrons,"('ux', 'uy', 'uz', 'x')","['uy', 'uz', 'ux', 'x']","{'x': [-7.453340620592161e-06, -5.873785217185439e-08], 'ux': [-0.0007030843418498764, -3.2581625058412217e-06], 'uy': [-0.0017877792431686185, 9.590258064992497e-05], 'uz': [-0.0007913692879243148, -2.1134538891473245e-05]}"
0.001,0.0010085434564152,500,electrons,"('ux', 'uy', 'uz', 'x')","['x', 'uy', 'ux']","{'x': [-1.4464278088073862e-05, -1.030056999360883e-05], 'ux': [0.0013222948109112148, 0.05740626884611488], 'uy': [-0.038467270985580684, -0.006414009000175722], 'uz': [-0.07487625275862914, -0.011268334305641198]}"
0.001,0.0010057418797265,500,electrons,"('ux', 'uy', 'uz', 'x')","['uy', 'x', 'ux', 'uz']","{'x': [1.757475749308855e-05, 1.9623714305451727e-05], 'ux': [1.5675370822666795e-05, 6.035631116139032e-05], 'uy': [-8.206185924654547e-07, 0.0005034729872238882], 'uz': [5.638948689662208e-05, 0.00019916055674490624]}"
0.001,0.0010000662717796,500,electrons,"('ux', 'uy', 'uz', 'x')","['uz', 'x', 'ux']","{'x': [-1.2890310089540842e-05, -7.929253799468495e-06], 'ux': [-0.014269932500556002, -0.0062192767924291355], 'uy': [0.002971473534801564, 0.01554548517210556], 'uz': [-0.00932703111914692, 0.003698179308070846]}"
0.001,0.0009988345440974,500,electrons,"('ux', 'uy', 'uz', 'x')","['x', 'ux', 'uz']","{'x': [-1.3886343804705363e-05, -8.817867550098663e-06], 'ux': [-7.532468423244604e-05, -2.4200853594601088e-05], 'uy': [0.0009317841023816478, 0.0028872891257081855], 'uz': [3.536196569892721e-05, 0.0005455678482590953]}"
0.001,0.0009992692715147,500,electrons,"('ux', 'uy', 'uz', 'x')","['uy', 'ux', 'uz', 'x']","{'x': [-1.9980420319287373e-05, -1.6943846161102852e-05], 'ux': [-7.477390754414502e-05, -2.120172561706336e-05], 'uy': [-0.0018324273635442513, -0.0005656482100211258], 'uz': [5.701059173209198e-06, 0.00016151818444204511]}"
0.001,0.0009935695120445,500,electrons,"('ux', 'uy', 'uz', 'x')","['x', 'uz', 'uy', 'ux']","{'x': [-6.9236315527912094e-06, -1.7345594052773536e-07], 'ux': [-0.0010063042637886077, -9.473603774089147e-06], 'uy': [-0.0030500502752826837, -0.0015465848458852908], 'uz': [-0.005015992204746374, -0.0019497530382716018]}"
0.001,0.0010055003644947,500,electrons,"('ux', 'uy', 'uz', 'x', 'y')","['uz', 'x', 'ux', 'uy']","{'x': [1.5296715682736877e-05, 2.006502388361339e-05], 'y': [-7.43718291207851e-06, -6.6055346197725635e-06], 'ux': [0.0005717505716056157, 0.0033251635183772403], 'uy': [6.010562177057011e-05, 0.0020276356240222808], 'uz': [-0.003539732742479432, 0.0006622411990579247]}"
0.001,0.000991202662773,500,electrons,"('ux', 'uy', 'uz', 'x', 'y')","['ux', 'uz', 'y', 'x', 'uy']","{'x': [1.259285636113007e-05, 2.2441620071316088e-05], 'y': [2.4619478129735004e-06, 4.097774235336264e-06], 'ux': [-0.001476254079867777, -0.00014012732553295734], 'uy': [-0.003039382557464205, 0.003692134067782877], 'uz': [-0.0003988826838060075, 0.0004961078843162104]}"
0.001,0.0010091713960179,500,electrons,"('ux', 'uy', 'uz', 'x', 'y')","['y', 'x', 'uz', 'uy', 'ux']","{'x': [-2.1861815664089032e-05, -1.18871269491553e-05], 'y': [1.9623026774739318e-05, 2.0039682440257512e-05], 'ux': [-2.4416976237320317e-05, 0.0005091102366232575], 'uy': [6.791772787931278e-05, 0.0007529003509821732], 'uz': [-0.00017601396899509443, 0.00022384560904530683]}"
0.001,0.0009939800879385,500,electrons,"('ux', 'uy', 'uz', 'x', 'y')","['ux', 'x', 'uz']","{'x': [-1.1393133576699034e-05, 3.6564175309001463e-06], 'y': [-1.3124910287728442e-05, -1.2187527495467611e-05], 'ux': [-0.016396470258270464, 0.0067931618447266365], 'uy': [-0.019332254065632024, -0.007377087273988183], 'uz': [-0.004586025984729389, 0.03179257855571249]}"
0.001,0.0010009840296603,500,electrons,"('ux', 'uy', 'uz', 'x', 'y')","['uy', 'x', 'ux', 'uz', 'y']","{'x': [1.2264125431625146e-05, 2.2973150124780505e-05], 'y': [1.738544543685574e-05, 1.90853639388923e-05], 'ux': [9.501626782125916e-05, 0.00029665767981609456], 'uy': [-0.0008325610540506013, -0.00019445380244857317], 'uz': [9.534070070901888e-06, 0.0004971569711785789]}"
0.001,0.0010053796068788,500,electrons,"('ux', 'uy', 'uz', 'x', 'y')","['uz', 'ux', 'uy', 'x']","{'x': [-9.281644769570629e-06, 2.305804304032404e-06], 'y': [-1.9985127924514293e-05, -1.9744837824341486e-05], 'ux': [-0.001457309473483404, 0.00017725078486191407], 'uy': [-0.0028112925609312224, -0.00032181981481383065], 'uz': [-0.0024295929805679397, 0.00031304533046619203]}"
0.001,0.0010048482733689,500,electrons,"('ux', 'uy', 'uz', 'x', 'y')","['uz', 'x', 'y', 'uy']","{'x': [1.1773617738154748e-05, 2.2408078691149753e-05], 'y': [-2.3527399061917265e-07, 1.1461560039941682e-06], 'ux': [-0.0014496386224016756, -8.106800547635964e-05], 'uy': [-0.006264242690113678, 0.010034231570312009], 'uz': [-7.277248752640838e-05, 0.0006025573596197661]}"
0.001,0.0010055486675411,500,electrons,"('ux', 'uy', 'uz', 'x', 'y')","['uz', 'x', 'uy', 'ux', 'y']","{'x': [4.98566672433309e-07, 7.706388484991396e-06], 'y': [-1.854325523200448e-05, -1.7841155654478233e-05], 'ux': [-3.4359270042900124e-05, 0.0014214655804929504], 'uy': [-0.004156533524407831, -0.0012620890382567802], 'uz': [-0.0034744015804041148, -0.00016491497595620252]}"
0.001,0.001000935726614,500,electrons,"('ux', 'uy', 'uz', 'x', 'y')","['uy', 'ux', 'uz', 'y', 'x']","{'x': [-7.2243971045041924e-06, -3.359135826740705e-07], 'y': [6.751680976738973e-11, 7.98406525273246e-07], 'ux': [-1.1241843487162062, 0.5889755206644132], 'uy': [-0.45981486214623535, 0.5099483582986328], 'uz': [0.0182501208573893, 1.579514450082023]}"
0.001,0.0009982790590643,500,electrons,"('ux', 'uy', 'uz', 'x', 'y')","['uz', 'y', 'x']","{'x': [-1.514312964176344e-05, -6.210973335656963e-06], 'y': [-7.619792682303483e-06, -6.3905274433874885e-06], 'ux': [-0.004175432867355005, 0.0019552034123150102], 'uy': [-0.0020533989343158353, 0.002789561881493653], 'uz': [-0.02062617815284818, -0.0028900804079464576]}"
0.001,0.0010004768476736,500,electrons,"('ux', 'uy', 'uz', 'x', 'y')","['ux', 'uz', 'x', 'y', 'uy']","{'x': [-6.430872513927854e-06, -9.196279102183023e-07], 'y': [1.052119757404755e-05, 1.1201715903832542e-05], 'ux': [-0.0008009405369169657, 0.008819425389218457], 'uy': [-0.028391877397730768, 0.003366951316965726], 'uz': [-0.05792897924796594, 0.055020961922048355]}"
0.001,0.0009996315443623,500,electrons,"('ux', 'uy', 'uz', 'x', 'y')","['uy', 'y', 'ux', 'x', 'uz']","{'x': [1.0034042321175687e-06, 7.299358498048124e-06], 'y': [1.503454425562661e-05, 1.5928295443871882e-05], 'ux': [5.81623066804902e-06, 0.0006954694947166999], 'uy': [-0.003065799944989701, 3.599292686685832e-06], 'uz': [-0.0005387794641605885, 0.0023759697127366617]}"
0.001,0.0009922653297929,500,electrons,"('ux', 'uy', 'uz', 'x', 'y')","['x', 'y', 'ux']","{'x': [6.8546842164406055e-06, 1.768624129051723e-05], 'y': [1.0115285397135812e-05, 1.1319769228594751e-05], 'ux': [0.00010738204269690856, 0.0003451058399015158], 'uy': [-0.0051563484365047645, 0.006978460588696425], 'uz': [-6.564645621728381e-05, 0.000919582536034853]}"
0.001,0.000992144572177,500,electrons,"('ux', 'uy', 'uz', 'x', 'y')","['uz', 'ux', 'x', 'y', 'uy']","{'x': [7.062645922130007e-06, 1.5440761676855927e-05], 'y': [-1.2254415616013771e-05, -1.1176063981384351e-05], 'ux': [0.003408066709590634, 0.019561808859605154], 'uy': [-0.017767303175273433, -0.0002496402427083974], 'uz': [-0.019793083893159404, 0.011322733811224239]}"
0.001,0.0009986171803888,500,electrons,"('ux', 'uy', 'uz', 'x', 'y')","['ux', 'x', 'uy', 'y']","{'x': [-2.005589226076465e-06, 8.3705005839734e-06], 'y': [-1.3306842597762558e-05, -1.200565443944076e-05], 'ux': [-0.0017676683559362887, 0.008776058511730061], 'uy': [-0.014907352638931257, -0.00227787686819194], 'uz': [0.002211207208511178, 0.019897461779626636]}"
0.001,0.0010039305154881,500,electrons,"('ux', 'uy', 'uz', 'x', 'y', 'z')","['uy', 'ux', 'y', 'z']","{'x': [5.859379789934509e-06, 0.0007441448661360793], 'y': [-0.00505263815466277, 0.0028967868803148594], 'z': [2.8481514712225438e-05, 0.008640315801227559], 'ux': [-0.18129992068570108, 0.1881836807899366], 'uy': [-8.152128608818394, 8.568385423112971], 'uz': [0.013564371186019546, 0.07960983677499493]}"
0.001,0.0009917098447598,500,electrons,"('ux', 'uy', 'uz', 'x', 'y', 'z')","['uz', 'z', 'y', 'x']","{'x': [-0.012988589346723305, 0.013742200063460552], 'y': [-0.00014946646766067322, 0.0019307551728889598], 'z': [3.4583694127995565e-05, 0.001409206008829021], 'ux': [0.009297710189267176, 1.5574525135581505], 'uy': [-0.03411175730269699, 7.09591839994195], 'uz': [-105.29818854381257, 103.02826832307834]}"
0.001,0.0009901641472763,500,electrons,"('ux', 'uy', 'uz', 'x', 'y', 'z')","['z', 'ux', 'x', 'y']","{'x': [-0.017479629117021344, 0.01973209369535985], 'y': [-0.0005435012435691508, 0.0030753694263205567], 'z': [2.8226881830448625e-05, 0.004391092491417009], 'ux': [-11.440418567198455, 12.04387411223932], 'uy': [0.06820789877956471, 0.5951636523617094], 'uz': [-0.8739262683928207, -0.06902375293633072]}"
0.001,0.0010031576667464,500,electrons,"('ux', 'uy', 'uz', 'x', 'y', 'z')","['ux', 'z', 'x', 'y']","{'x': [-0.0052915975716858864, 0.008794152691893913], 'y': [4.726280878430684e-06, 0.0012123204499056837], 'z': [-0.0019531031676126038, 0.004455609627732887], 'ux': [-1.7505546864580501, 1.4082898381482338], 'uy': [-0.1900054363710612, 0.03768070775961518], 'uz': [-0.5562797414034252, -0.11953075331080912]}"
0.001,0.0010088574262166,500,electrons,"('ux', 'uy', 'uz', 'x', 'y', 'z')","['uz', 'z', 'ux', 'uy', 'y']","{'x': [6.206734844993633e-06, 0.0007491723413698962], 'y': [-0.002136274015000117, -1.9935575942896027e-05], 'z': [-0.0004943135822217614, 0.0006651797674162396], 'ux': [-13.241438228236332, 15.174280870490021], 'uy': [-13.952615983408913, 10.239251738627582], 'uz': [-24.09879686687835, 30.500037466741812]}"
0.001,0.0010019500905875,500,electrons,"('ux', 'uy', 'uz', 'x', 'y', 'z')","['uz', 'y', 'z', 'x', 'ux']","{'x': [-0.02104093715058298, 0.018785806869402275], 'y': [-0.0029001342634541296, -7.98936175461229e-06], 'z': [-0.0005047452625830704, 0.000879889288816202], 'ux': [-4.189737640833863, 3.310381267610021], 'uy': [-0.8698072936528343, -0.0752209242516466], 'uz': [-6.942991439517446, 6.539683526896116]}"
0.001,0.0010072634256868,500,electrons,"('ux', 'uy', 'uz', 'x', 'y', 'z')","['y', 'z', 'uz']","{'x': [-0.0007442042727142316, -5.859964553685307e-06], 'y': [-0.005567603887103173, 0.0075349255710494435], 'z': [4.226433409088622e-05, 0.0073519614164539665], 'ux': [-0.029850725417781127, -4.4974443575433214e-05], 'uy': [-3.823486514273944, 5.450996255846347], 'uz': [-43.09556545514432, 43.24046073624897]}"
0.001,0.0010050897886007,500,electrons,"('ux', 'uy', 'uz', 'x', 'y', 'z')","['x', 'z', 'uz', 'y', 'uy']","{'x': [-0.008363227978198218, 0.011868250111737123], 'y': [-0.0028979418110937527, -7.222408519596494e-06], 'z': [-0.00014863652710137118, 0.0024421768213395865], 'ux': [0.01755299818363137, 0.0786159613722278], 'uy': [-0.5677950851473491, 0.6373025016481241], 'uz': [-1.7495404104038261, 1.6344508522286452]}"
0.001,0.0010031576667464,500,electrons,"('ux', 'uy', 'uz', 'x', 'y', 'z')","['x', 'ux', 'uy', 'z', 'y']","{'x': [-0.008706935888298632, 0.007957051993859474], 'y': [-0.0018515649886431942, 0.0017578636847260286], 'z': [3.624169712510526e-05, 0.0033200554029762866], 'ux': [-3292.9039638318973, 3227.540922178585], 'uy': [-1509.007612881018, 1513.3928651654408], 'uz': [0.022193275638400022, 217.90829892842166]}"
0.001,0.0010082777896603,500,electrons,"('ux', 'uy', 'uz', 'x', 'y', 'z')","['y', 'z', 'x', 'uz']","{'x': [-0.011134326331710674, 0.007629139449455551], 'y': [-0.0021506486470421315, -3.777418918322721e-06], 'z': [-0.0001635531245479428, 0.003519404292850134], 'ux': [-0.15080356820753063, -0.0625799647031863], 'uy': [-0.07723182413566708, 0.15109306316970805], 'uz': [-10.118152545158775, 9.747348965342788]}"
0.001,0.0010036890002563,500,electrons,"('ux', 'uy', 'uz', 'x', 'y', 'z')","['ux', 'z', 'x', 'uz', 'y']","{'x': [-0.03057183686384229, 0.02981955901105744], 'y': [-0.0030916377694479758, -5.033126581076557e-06], 'z': [-0.002200416303052984, 0.005982198668318792], 'ux': [-10.226801149946073, 9.96087468378871], 'uy': [-0.7960372757244917, -0.30286300513677106], 'uz': [-31.0683693312287, 29.57312983501527]}"
0.001,0.0009983032105875,500,electrons,"('ux', 'uy', 'uz', 'x', 'y', 'z')","['x', 'y', 'z', 'uz']","{'x': [-0.09179034762048503, 0.09254034153240491], 'y': [-0.003969635944841204, -2.987455244325612e-06], 'z': [-0.0011636292194897166, 0.007069846968067146], 'ux': [0.00022559930016015015, 0.024602606980928643], 'uy': [0.08884954448583458, 0.18339335885048355], 'uz': [-26.119559432663237, 26.364259888449467]}"
0.001,0.0010097751840974,500,electrons,"('ux', 'uy', 'uz', 'x', 'y', 'z')","['z', 'y', 'uy', 'ux', 'x']","{'x': [-0.030969830852064527, 0.030217795799591336], 'y': [-0.005553730166575587, 0.008275588279835593], 'z': [2.563403052975458e-05, 0.004608674152308718], 'ux': [-3.98449060325971, 3.4606834304155782], 'uy': [-24.120240069218855, 25.87630981491782], 'uz': [-0.9227806342757441, -0.2797550103783062]}"
0.001,0.0009933521483359,500,electrons,"('ux', 'uy', 'uz', 'x', 'y', 'z')","['x', 'z', 'ux', 'uz', 'y']","{'x': [-0.006424726143242838, 0.0071762226846447865], 'y': [4.559940898556233e-06, 0.002894825932790992], 'z': [-9.693776986571952e-05, 0.0017588121321754384], 'ux': [-6.871721845899803, 6.717616767836869], 'uy': [-0.8134763494685927, -0.2572661822442687], 'uz': [-4.282885471472193, 3.7201465859464626]}"
0.001,0.0009913234203889,500,electrons,"('ux', 'uy', 'uz', 'x', 'y', 'z')","['uz', 'y', 'x', 'z']","{'x': [-0.15399514506732762, 0.1504912539197036], 'y': [-0.018656166784927698, 0.015749734737722853], 'z': [8.430894778387044e-06, 0.006960264900556524], 'ux': [0.00895204627336354, 0.017903890687731516], 'uy': [-0.07766652257947841, -0.033149398005427], 'uz': [-0.8623697827229655, 0.8103413644459372]}"
0.001,0.0009954774823756,500,electrons,"('ux', 'uy', 'x', 'y')","['y', 'uy', 'ux', 'x']","{'x': [7.565450214781296e-06, 1.4100212485450718e-05], 'y': [-1.2002829352215563e-05, -1.12884334429191e-05], 'ux': [0.00046123613591888147, 0.004606187237104331], 'uy': [-0.003783266658440763, 0.0016683137482181747]}"
0.001,0.000993497057475,500,electrons,"('ux', 'uy', 'x', 'y')","['x', 'ux', 'y']","{'x': [-9.334466060137019e-06, 2.5982411678658022e-06], 'y': [-1.23877583703531e-05, -1.1070973463773953e-05], 'ux': [-0.028107113961327868, 0.005528258043548458], 'uy': [-0.0358451457154352, -0.014856774096163849]}"
0.001,0.0010087366686007,500,electrons,"('ux', 'uy', 'x', 'y')","['uy', 'ux', 'x']","{'x': [-1.631031091874461e-05, -6.209772028338743e-06], 'y': [-1.588326138026917e-05, -1.5052372336267843e-05], 'ux': [-0.0021719426099135507, -0.0009781148859856436], 'uy': [-0.003723464403696337, 0.00018403306249810208]}"
0.001,0.001001346302508,500,electrons,"('ux', 'uy', 'x', 'y')","['uy', 'x', 'ux', 'y']","{'x': [1.5066786592244427e-05, 2.0071518351881334e-05], 'y': [-9.286281090096053e-06, -8.447205738513544e-06], 'ux': [-0.0009944239948293644, 0.0002730709575654792], 'uy': [-0.00037654446111546334, 0.0011726042088895492]}"
0.001,0.0009959605128392,500,electrons,"('ux', 'uy', 'x', 'y')","['x', 'uy', 'ux']","{'x': [-1.5069426958124005e-05, -7.201278430085459e-06], 'y': [-1.681871569648195e-05, -1.5996824068958824e-05], 'ux': [-0.0001244931565490024, 0.00014426067720058335], 'uy': [-0.00017266170493477283, 0.002348159315523989]}"
0.001,0.0010062007586669,500,electrons,"('ux', 'uy', 'x', 'y')","['uy', 'y', 'ux', 'x']","{'x': [-1.6118795745735442e-05, -7.670049500135359e-06], 'y': [-1.6013268270753076e-05, -1.4861113274379186e-05], 'ux': [-0.00099187645127984, -5.848965956632815e-05], 'uy': [0.0008789078321426512, 0.0031014141167201668]}"
0.001,0.0010070943650245,500,electrons,"('ux', 'uy', 'x', 'y')","['x', 'ux', 'uy']","{'x': [-1.4876837491112204e-05, -8.731075164024583e-06], 'y': [-1.2127869593191665e-05, -1.128824441149509e-05], 'ux': [-0.00032223901019913346, 0.0010362988495296122], 'uy': [-0.0004472778704260802, 0.0018911256246853783]}"
0.001,0.0010081570320444,500,electrons,"('ux', 'uy', 'x', 'y')","['ux', 'x', 'y']","{'x': [6.656778699491083e-06, 1.4941650887114925e-05], 'y': [-7.561218288439749e-06, -6.65747547188424e-06], 'ux': [-0.0003151205219967081, -4.1460782360545705e-05], 'uy': [-0.007039254089275685, 0.00603093028392056]}"
0.001,0.0010095578203887,500,electrons,"('ux', 'uy', 'x', 'y')","['uy', 'x', 'ux']","{'x': [-7.409011266269388e-06, -6.0263728419275e-08], 'y': [-1.124933713697689e-05, -1.0312799805567704e-05], 'ux': [-0.008368536273367751, -8.679556409655585e-05], 'uy': [-0.010010269496336007, -0.0014405214600040853]}"
0.001,0.0010004526961504,500,electrons,"('ux', 'uy', 'x', 'y')","['x', 'ux', 'uy']","{'x': [-2.073858436488919e-05, -2.9243310273971772e-06], 'y': [-1.9983434287827903e-05, -1.9744312886219117e-05], 'ux': [-0.0008397669882233273, -0.0004436510455551454], 'uy': [-0.002079362540909788, 0.0008320364590672304]}"
0.001,0.0010092680021106,500,electrons,"('ux', 'uy', 'x', 'y')","['ux', 'x', 'uy', 'y']","{'x': [-1.2968499059255093e-05, -7.501173444200267e-06], 'y': [1.997282922709949e-06, 2.750097018157882e-06], 'ux': [-0.08001934321639716, -0.003920974665280769], 'uy': [-0.001128744927202969, 0.02518426104510859]}"
0.001,0.0009943665123094,500,electrons,"('ux', 'uy', 'x', 'y')","['x', 'uy', 'y', 'ux']","{'x': [-1.4941010964600518e-05, -7.70759439931944e-06], 'y': [-1.2132039893054658e-05, -1.1387057105834223e-05], 'ux': [-0.00023905989746675026, 9.238997785829356e-05], 'uy': [-0.00785861185998545, 0.014507666315540112]}"
0.001,0.00100364069721,500,electrons,"('ux', 'uy', 'x', 'y')","['uy', 'x', 'ux', 'y']","{'x': [-1.9883642962931763e-05, -1.5090238255626394e-05], 'y': [-8.507623193907356e-07, -4.6412014727352224e-08], 'ux': [-0.0003576365667792437, 0.001307567627221613], 'uy': [-0.0007897697129684686, 0.0009005988837893066]}"
0.001,0.0010003077870113,500,electrons,"('ux', 'uy', 'x', 'y')","['ux', 'uy', 'y', 'x']","{'x': [-6.801853579365625e-06, -1.5010967447206607e-07], 'y': [-1.020100617822283e-05, -9.433190533555124e-06], 'ux': [-0.0001687351246732631, 0.00017889883600834882], 'uy': [-0.027319402147875625, 0.055871626728237096]}"
0.001,0.0010009598781372,500,electrons,"('ux', 'uy', 'x', 'y')","['ux', 'uy', 'x', 'y']","{'x': [1.2852618570790105e-05, 2.1148488437601198e-05], 'y': [1.9609375001981136e-05, 2.0022613015229238e-05], 'ux': [-0.0004093668435881789, 3.407953711628993e-05], 'uy': [0.00010470272535884946, 0.000870752012759023]}"
0.001,0.0010019017875411,500,electrons,"('x',)",['x'],"{'x': [3.398428640614648e-07, 4.1015713593286136e-07]}"
0.001,0.001007963819859,500,electrons,"('x',)",['x'],"{'x': [1.7140527273699666e-06, 1.7893018804397134e-06]}"
0.001,0.0010089298807861,500,electrons,"('x',)",['x'],"{'x': [1.714359792813307e-06, 1.7903438659997117e-06]}"
0.001,0.0009938110272763,500,electrons,"('x',)",['x'],"{'x': [-1.789251709608002e-06, -1.714646653873996e-06]}"
0.001,0.0010092438505874,500,electrons,"('x',)",['x'],"{'x': [-1.7921821941218025e-06, -1.7150130946491406e-06]}"
0.001,0.0009921687237001,500,electrons,"('x',)",['x'],"{'x': [1.7146523862281955e-06, 1.7890640531433776e-06]}"
0.001,0.0010078430622431,500,electrons,"('x',)",['x'],"{'x': [1.1138827325255355e-06, 1.1367766538655944e-06]}"
0.001,0.0009953084217134,500,electrons,"('x',)",['x'],"{'x': [-1.789234408671037e-06, -1.7145728916595372e-06]}"
0.001,0.000991468329528,500,electrons,"('x',)",['x'],"{'x': [1.1142402257089532e-06, 1.1386420835825224e-06]}"
0.001,0.0009968541191968,500,electrons,"('x',)",['x'],"{'x': [1.7145759344584536e-06, 1.7894490414067807e-06]}"
0.001,0.0010006217568127,500,electrons,"('x',)",['x'],"{'x': [1.1145714751931104e-06, 1.1411065471314044e-06]}"
0.001,0.0009938834818458,500,electrons,"('x',)",['x'],"{'x': [3.4268593034500654e-07, 4.1015790912674435e-07]}"
0.001,0.0010080604259517,500,electrons,"('x',)",['x'],"{'x': [-4.1015745319416667e-07, -3.399126839811372e-07]}"
0.001,0.0009926759056869,500,electrons,"('x',)",['x'],"{'x': [1.1135566073191367e-06, 1.1320200679234709e-06]}"
0.001,0.0009979167862167,500,electrons,"('x',)",['x'],"{'x': [1.714529483357487e-06, 1.7894082428156603e-06]}"
0.001,0.0009957914521769,500,electrons,"('x', 'y')","['x', 'y']","{'x': [-1.3396887739578246e-05, -1.003206093677882e-05], 'y': [-6.347383312125516e-06, -5.865186315478609e-06]}"
0.001,0.0010003077870113,500,electrons,"('x', 'y')","['x', 'y']","{'x': [1.5453113179143137e-05, 2.0136770954771772e-05], 'y': [-1.9984731012176803e-05, -1.9741664368855604e-05]}"
0.001,0.0009977960286008,500,electrons,"('x', 'y')","['x', 'y']","{'x': [-1.4220447418995607e-05, -1.0654551166674519e-05], 'y': [-2.6619970772015015e-06, -2.233144292809358e-06]}"
0.001,0.0010085676079384,500,electrons,"('x', 'y')","['y', 'x']","{'x': [8.476884419547766e-06, 1.2840593249801539e-05], 'y': [5.686162201845688e-06, 6.070859954895912e-06]}"
0.001,0.0009917581478061,500,electrons,"('x', 'y')","['x', 'y']","{'x': [1.5819683774797494e-05, 1.9207758841086062e-05], 'y': [1.5271301713115727e-05, 1.568538884341479e-05]}"
0.001,0.0009921204206538,500,electrons,"('x', 'y')","['x', 'y']","{'x': [1.575978350869924e-05, 1.987334420454451e-05], 'y': [1.6933567149785745e-05, 1.73314041713814e-05]}"
0.001,0.0010092438505874,500,electrons,"('x', 'y')","['x', 'y']","{'x': [-1.4111194985185478e-05, -9.456820022763469e-06], 'y': [-1.4575388779761987e-05, -1.416071248777748e-05]}"
0.001,0.0010073841833027,500,electrons,"('x', 'y')","['x', 'y']","{'x': [1.536745344445274e-05, 1.8782106690764165e-05], 'y': [1.5186232194784645e-05, 1.5759522866582153e-05]}"
0.001,0.0009917581478061,500,electrons,"('x', 'y')","['x', 'y']","{'x': [-1.9819441931150977e-05, -1.642044033077718e-05], 'y': [3.87366604539696e-06, 4.290021004144765e-06]}"
0.001,0.0009945355729717,500,electrons,"('x', 'y')","['y', 'x']","{'x': [-1.3013382821846452e-05, -7.73672804247953e-06], 'y': [-1.9970124959138076e-05, -1.9792531949196663e-05]}"
0.001,0.0010038580609186,500,electrons,"('x', 'y')","['y', 'x']","{'x': [-1.880782794446127e-05, -1.6027931836232916e-05], 'y': [-7.182483239632607e-07, -1.335112217616026e-07]}"
0.001,0.0009985447258193,500,electrons,"('x', 'y')","['x', 'y']","{'x': [-1.4606092674382073e-05, -1.0209886826902515e-05], 'y': [4.747071772384655e-06, 5.133286115055885e-06]}"
0.001,0.0010019500905875,500,electrons,"('x', 'y')","['y', 'x']","{'x': [-4.30945832743559e-06, -1.2871261831478652e-06], 'y': [-2.7401887181048284e-06, -2.1645677543613054e-06]}"
0.001,0.0009995349382696,500,electrons,"('x', 'y')","['x', 'y']","{'x': [1.7970611780696963e-05, 1.9837015601594872e-05], 'y': [1.5153250499145324e-05, 1.5710844946935614e-05]}"
0.001,0.0009939559364154,500,electrons,"('x', 'y')","['y', 'x']","{'x': [1.4536724175491238e-07, 2.930342901056411e-06], 'y': [-8.408670181207647e-06, -7.855067869078774e-06]}"
0.001,0.0009900675411836,500,electrons,"('x', 'y', 'z')","['x', 'y', 'z']","{'x': [-1.2168530883169075e-05, 1.1415005585694257e-05], 'y': [-2.181392521198091e-06, -7.291942583658003e-07], 'z': [-2.2902155172384427e-07, 2.9416546883842244e-06]}"
0.001,0.0009960088158855,500,electrons,"('x', 'y', 'z')","['z', 'y', 'x']","{'x': [-1.0649245025441698e-05, 7.143979418444383e-06], 'y': [-6.29641332574406e-07, 2.0344251786173384e-06], 'z': [-1.2478399157996728e-06, 2.052400524868278e-06]}"
0.001,0.0009975303618458,500,electrons,"('x', 'y', 'z')","['y', 'x', 'z']","{'x': [-8.560804966172548e-06, 7.807307580521266e-06], 'y': [2.0151471950983657e-07, 2.3297571503473474e-06], 'z': [1.0492032363975436e-06, 3.3713749885893807e-06]}"
0.001,0.0010084951533689,500,electrons,"('x', 'y', 'z')","['z', 'x', 'y']","{'x': [-7.755441515209641e-06, 7.002828325056757e-06], 'y': [-1.4596936827653166e-06, 5.3491470789504875e-08], 'z': [2.032079383106056e-06, 4.299185741561638e-06]}"
0.001,0.0010080845774748,500,electrons,"('x', 'y', 'z')","['x', 'z', 'y']","{'x': [-9.476905109346252e-06, 5.970527883985339e-06], 'y': [-1.4231378149492022e-06, 1.1435530817816953e-06], 'z': [-1.789031686850275e-06, 2.1648011052668667e-06]}"
0.001,0.0009994866352233,500,electrons,"('x', 'y', 'z')","['z', 'y']","{'x': [-1.99851619289474e-06, -1.5069297149334861e-06], 'y': [-4.85762524117427e-05, 4.567086355277665e-05], 'z': [-4.142877610958207e-06, 4.176739899396388e-06]}"
0.001,0.0010047516672762,500,electrons,"('x', 'y', 'z')","['y', 'z', 'x']","{'x': [-5.013405624483738e-06, 8.51786647930633e-06], 'y': [7.159798711321007e-08, 2.6469222069529513e-06], 'z': [5.264779751510675e-07, 3.2546698030288163e-06]}"
0.001,0.0009934487544286,500,electrons,"('x', 'y', 'z')","['z', 'y', 'x']","{'x': [-9.211128287713876e-06, 1.2715575550780406e-05], 'y': [-2.891350605366066e-06, -9.521138398758451e-07], 'z': [-9.76709014376275e-07, 2.6327309571067996e-06]}"
0.001,0.0010058143342961,500,electrons,"('x', 'y', 'z')","['y', 'z', 'x']","{'x': [-7.2963715211413805e-06, 1.0800601793624302e-05], 'y': [1.46909164415729e-06, 2.5033051278255195e-06], 'z': [-4.2171946918306703e-07, 4.840549419772703e-06]}"
0.001,0.0010042927883358,500,electrons,"('x', 'y', 'z')","['x', 'z', 'y']","{'x': [-7.817313978103179e-06, 8.572527059481708e-06], 'y': [1.8262964412264986e-07, 2.34862664681655e-06], 'z': [2.3156299697134398e-07, 3.124695108524408e-06]}"
0.001,0.0009955016338988,500,electrons,"('x', 'y', 'z')","['y', 'z']","{'x': [-1.998062103709011e-06, -1.5058956919239054e-06], 'y': [-6.157291538121657e-06, 7.000424027394568e-06], 'z': [-5.177347300115861e-06, 1.2146165174550622e-05]}"
0.001,0.0009913717234353,500,electrons,"('x', 'y', 'z')","['z', 'y', 'x']","{'x': [-9.108893480950682e-06, 9.859115529545649e-06], 'y': [7.988263958077513e-07, 2.4817686092147458e-06], 'z': [1.5997053027261201e-06, 3.882980012347241e-06]}"
0.001,0.0010072392741636,500,electrons,"('x', 'y', 'z')","['x', 'y', 'z']","{'x': [-8.54636008234867e-06, 6.296187661204798e-06], 'y': [8.302096763554134e-08, 1.3223399316415755e-06], 'z': [2.1487694200714296e-06, 4.820328373212181e-06]}"
0.001,0.0009937868757531,500,electrons,"('x', 'y', 'z')","['x', 'z', 'y']","{'x': [-0.00010763158232759332, -5.135840607306674e-06], 'y': [-3.457036652791523e-05, -1.8634953523974485e-05], 'z': [-2.1765980776028127e-05, 3.6198827685498506e-06]}"
0.001,0.0010005009991968,500,electrons,"('x', 'y', 'z')","['x', 'z']","{'x': [-9.498940271763308e-05, 9.148242150940143e-05], 'y': [-4.618838460190304e-07, -3.7902010994973944e-07], 'z': [-1.7481094332371068e-05, 1.7643005165238165e-05]}"
0.01,0.0099277975723661,500,electrons,"('ux',)",['ux'],"{'ux': [-6.872943176542331e-17, 3.321740797500922e-12]}"
0.01,0.0100616694653451,500,electrons,"('ux',)",['ux'],"{'ux': [0.0005091809215852281, 0.0005813448437128511]}"
0.01,0.0099507898224322,500,electrons,"('ux',)",['ux'],"{'ux': [-4.703555411638426e-06, -1.0701283485298442e-06]}"
0.01,0.009907631050512,500,electrons,"('ux',)",['ux'],"{'ux': [-3.313902076691415e-07, -7.3454304807077564e-09]}"
0.01,0.0099410084555448,500,electrons,"('ux',)",['ux'],"{'ux': [-1.7216883042003134e-06, -1.5168211665925346e-07]}"
0.01,0.0099944074732927,500,electrons,"('ux',)",['ux'],"{'ux': [0.000809926658369779, 0.000895493585117892]}"
0.01,0.0099858819856107,500,electrons,"('ux',)",['ux'],"{'ux': [5.011191321953011e-05, 6.0886920419540816e-05]}"
0.01,0.0099000474722339,500,electrons,"('ux',)",['ux'],"{'ux': [-4.767523648159486e-05, -3.7379616898807715e-05]}"
0.01,0.0099900843506437,500,electrons,"('ux',)",['ux'],"{'ux': [-0.0026399331876814035, -0.002259211496012862]}"
0.01,0.0100203703607097,500,electrons,"('ux',)",['ux'],"{'ux': [-0.0002497504431531995, -0.0002160808041663835]}"
0.01,0.0099470463363395,500,electrons,"('ux',)",['ux'],"{'ux': [1.1606470642125638e-05, 1.9625768310392103e-05]}"
0.01,0.010034064274352,500,electrons,"('ux',)",['ux'],"{'ux': [2.727231553811131e-13, 2.886891043389029e-10]}"
0.01,0.0099795301350147,500,electrons,"('ux',)",['ux'],"{'ux': [-0.00016464083319990306, -0.0001428495855671758]}"
0.01,0.0100817152295834,500,electrons,"('ux',)",['ux'],"{'ux': [6.0187789889019235e-05, 7.118858729328885e-05]}"
0.01,0.0099786365286571,500,electrons,"('ux',)",['ux'],"{'ux': [0.0008261425946703045, 0.0009147282130472943]}"
0.01,0.0100783581678615,500,electrons,"('ux', 'uy')","['uy', 'ux']","{'ux': [0.0010899941448399087, 0.007707596990177461], 'uy': [-5.1540621868103004e-05, 0.00040799808802245317]}"
0.01,0.0099298504518363,500,electrons,"('ux', 'uy')","['uy', 'ux']","{'ux': [0.0003680631423354228, 0.0007202150468710413], 'uy': [0.0011097086298421338, 0.0038392036806914353]}"
0.01,0.0100422999437559,500,electrons,"('ux', 'uy')","['uy', 'ux']","{'ux': [0.002627975665358157, 0.015252513813381753], 'uy': [-0.06053630720978763, -0.011538569484015115]}"
0.01,0.0099546299146176,500,electrons,"('ux', 'uy')","['ux', 'uy']","{'ux': [7.470157059807059e-05, 0.00019933169931621214], 'uy': [0.0003798600262216935, 0.0010564132051935032]}"
0.01,0.0100514533710406,500,electrons,"('ux', 'uy')","['ux', 'uy']","{'ux': [-0.0017527299905953195, -0.0014879497336617834], 'uy': [-0.043793843964518624, 0.004819613894180855]}"
0.01,0.0099497513069355,500,electrons,"('ux', 'uy')","['uy', 'ux']","{'ux': [0.027623388396073464, 0.2565986455946334], 'uy': [-0.39080265409493836, -0.05187709295522036]}"
0.01,0.0100190420269349,500,electrons,"('ux', 'uy')","['ux', 'uy']","{'ux': [-0.00449903471680236, -0.00197954107549246], 'uy': [-0.007015369811451495, -0.0024333124975545063]}"
0.01,0.0100937185366031,500,electrons,"('ux', 'uy')","['ux', 'uy']","{'ux': [2.4212747863270435e-06, 0.00010189284585304579], 'uy': [5.574798009535434e-05, 0.00015773214607299663]}"
0.01,0.0099762696793856,500,electrons,"('ux', 'uy')","['ux', 'uy']","{'ux': [-0.008260346601955786, -0.003638269000486125], 'uy': [-0.00922267102968739, -0.001467183437839241]}"
0.01,0.010044207914087,500,electrons,"('ux', 'uy')","['uy', 'ux']","{'ux': [9.992560414305004e-05, 0.0005028334814917361], 'uy': [0.0003490908928764539, 0.0005656789145051845]}"
0.01,0.0099319516343528,500,electrons,"('ux', 'uy')","['uy', 'ux']","{'ux': [-0.0018450757543233079, -0.001525330591608241], 'uy': [-0.002431175298128351, 0.03020498709246161]}"
0.01,0.0099944316248159,500,electrons,"('ux', 'uy')","['ux', 'uy']","{'ux': [-6.061852265926745e-06, 5.694875977902451e-05], 'uy': [3.093655636718563e-05, 0.00017304755164478913]}"
0.01,0.0099177022356775,500,electrons,"('ux', 'uy')","['uy', 'ux']","{'ux': [0.00154908158819299, 0.0040309398405376645], 'uy': [-0.005428871645760847, -0.002037771632148946]}"
0.01,0.009912775324949,500,electrons,"('ux', 'uy')","['ux', 'uy']","{'ux': [-0.014541516380315887, -0.009433093608429793], 'uy': [-0.0870460462464272, 0.013545654248295652]}"
0.01,0.0100851930489211,500,electrons,"('ux', 'uy')","['uy', 'ux']","{'ux': [0.003313024395437708, 0.02486192870291637], 'uy': [0.005833848224945742, 0.026522217150564385]}"
0.01,0.0099783950134253,500,electrons,"('ux', 'uy', 'uz')","['uz', 'ux', 'uy']","{'ux': [0.0002177953299209558, 0.015492169335054849], 'uy': [-0.038477818287947815, -0.006372971858089341], 'uz': [-0.008855507140520535, 0.01292232606038764]}"
0.01,0.0099238367225648,500,electrons,"('ux', 'uy', 'uz')","['ux', 'uy']","{'ux': [-0.0006830666192588584, -5.282797359021504e-05], 'uy': [-0.0020219229362717197, -0.0006403348777769591], 'uz': [-0.0005064228657121587, 0.0002690026705411594]}"
0.01,0.0099328452407105,500,electrons,"('ux', 'uy', 'uz')","['ux', 'uz', 'uy']","{'ux': [-2.355086795042496e-06, 2.4495593151404914e-05], 'uy': [-0.0007864534699659913, 0.0018917541638433701], 'uz': [1.4599433848428768e-05, 0.00036011841310960705]}"
0.01,0.0100192835421667,500,electrons,"('ux', 'uy', 'uz')","['uz', 'uy']","{'ux': [-0.00356739634822845, 0.00011987560669113728], 'uy': [-0.0005798167430910335, 0.004033744576533109], 'uz': [0.0006715601013792124, 0.0011190070390505902]}"
0.01,0.0100198148756766,500,electrons,"('ux', 'uy', 'uz')","['uz', 'uy']","{'ux': [-4.6748487588404304e-05, 0.00011786568989402531], 'uy': [-0.0009489081894788914, 0.0004156348377048664], 'uz': [-0.0032535064176929763, -0.00018135694439543157]}"
0.01,0.010032856698193,500,electrons,"('ux', 'uy', 'uz')","['ux', 'uz', 'uy']","{'ux': [-3.1416031641861174e-05, 6.421877581859543e-06], 'uy': [-0.00019435383454551811, -1.1861601182803884e-05], 'uz': [-1.3798510148159941e-05, 6.065472813774696e-05]}"
0.01,0.0100241621498488,500,electrons,"('ux', 'uy', 'uz')","['uy', 'uz', 'ux']","{'ux': [-1.2528240326252637e-06, 8.001612783776314e-06], 'uy': [4.485825770292811e-07, 4.725715974871077e-05], 'uz': [-5.155666375025995e-06, 2.4162902661989117e-05]}"
0.01,0.0099070514139557,500,electrons,"('ux', 'uy', 'uz')","['ux', 'uz']","{'ux': [1.553006676261903e-08, 4.506382275893419e-06], 'uy': [-0.00012299756763228936, 6.035499314500738e-05], 'uz': [-1.7727929605305942e-05, 8.914799544772122e-06]}"
0.01,0.0100970031437554,500,electrons,"('ux', 'uy', 'uz')","['uz', 'ux']","{'ux': [-0.00012059909053238431, 0.00016275975684449583], 'uy': [-9.699420079555153e-05, 9.583362525828149e-05], 'uz': [-0.0010450212931937316, -3.3960856929697754e-06]}"
0.01,0.0099462976391209,500,electrons,"('ux', 'uy', 'uz')","['ux', 'uy', 'uz']","{'ux': [-4.495253361529491e-05, 0.0002857975209386806], 'uy': [-0.00013469907610629271, 7.950298087936638e-05], 'uz': [-0.00020808170484315285, -1.6541553662103702e-06]}"
0.01,0.0099877899559418,500,electrons,"('ux', 'uy', 'uz')","['uz', 'ux', 'uy']","{'ux': [-2.093406245406725e-05, 1.568326145807561e-05], 'uy': [5.576819002864654e-07, 4.8567244792227976e-05], 'uz': [-4.427430829047331e-06, 3.0618812707995937e-05]}"
0.01,0.0099024384730286,500,electrons,"('ux', 'uy', 'uz')","['uy', 'ux']","{'ux': [-0.0008696621402044513, -7.695201648259305e-05], 'uy': [-0.0005719513606442968, 0.00021639701901262048], 'uz': [-0.00028513230363426677, 0.00012397685149331144]}"
0.01,0.0099458146086574,500,electrons,"('ux', 'uy', 'uz')","['uy', 'uz']","{'ux': [7.810174369052878e-06, 0.0006145585465458156], 'uy': [-0.001996380176744988, 0.000517987034457771], 'uz': [0.00025363495564452004, 0.0005693350749932213]}"
0.01,0.0100012906573986,500,electrons,"('ux', 'uy', 'uz')","['uz', 'uy', 'ux']","{'ux': [0.020173435905129548, 0.07119249179895532], 'uy': [-0.09014965865822737, 0.05020219344332051], 'uz': [-0.15587877981976367, 0.037004030421231564]}"
0.01,0.0099597500375314,500,electrons,"('ux', 'uy', 'uz')","['ux', 'uy', 'uz']","{'ux': [-6.835391554744392e-13, 7.051651937052509e-13], 'uy': [-1.3102104312022196e-10, 1.368602957102898e-10], 'uz': [-8.709286918302937e-12, 8.265627446799642e-12]}"
0.01,0.0100802902897158,500,electrons,"('ux', 'uy', 'uz', 'x')","['uz', 'x', 'uy']","{'x': [-1.283698040327112e-07, 1.0972265692393816e-05], 'ux': [2.6198758936806136e-05, 0.002199704364923024], 'uy': [-0.007196162069308079, -0.0004683921688679203], 'uz': [-0.0061803237529484065, -0.0009017373543164947]}"
0.01,0.010062732132365,500,electrons,"('ux', 'uy', 'uz', 'x')","['x', 'uz', 'ux', 'uy']","{'x': [-9.396188119065965e-06, 1.5318274080344986e-08], 'ux': [-0.0005606723763124173, 0.00013764693876240706], 'uy': [0.0005851961829440788, 0.002483506096454039], 'uz': [-0.0021363455445231804, 0.00038299996040071053]}"
0.01,0.01000472017369,500,electrons,"('ux', 'uy', 'uz', 'x')","['uz', 'ux', 'x']","{'x': [6.043097886528625e-06, 1.4265863876434735e-05], 'ux': [0.0009687587183620505, 0.30355786762396464], 'uy': [0.003467428028961649, 0.043611290346433136], 'uz': [-0.39033224150049173, 0.34244249004791916]}"
0.01,0.0100710402563384,500,electrons,"('ux', 'uy', 'uz', 'x')","['ux', 'x', 'uz', 'uy']","{'x': [-2.03957444175887e-05, -1.464192607564504e-05], 'ux': [-5.005405695333214e-07, 0.001329793775545747], 'uy': [-0.0015933032884630212, 0.002897596053552097], 'uz': [2.69283951337783e-05, 0.00033797416282566815]}"
0.01,0.0099056989286577,500,electrons,"('ux', 'uy', 'uz', 'x')","['ux', 'uy', 'uz']","{'x': [-1.9981839505263595e-05, -1.5060462873558376e-05], 'ux': [0.000772494144436562, 0.0014414612694297042], 'uy': [-0.0009050203006065502, 0.0014730229814960694], 'uz': [-0.003014797908752264, 0.0005194791042045046]}"
0.01,0.0099953010796503,500,electrons,"('ux', 'uy', 'uz', 'x')","['uy', 'ux', 'x', 'uz']","{'x': [-1.5998780391551712e-05, -6.389828797166893e-06], 'ux': [-0.0008505520150849428, -0.00010594994934725937], 'uy': [-0.0009842227993902266, 0.00018989419261339975], 'uz': [-0.0019267909646529101, 0.00037740336807733023]}"
0.01,0.0100615245562061,500,electrons,"('ux', 'uy', 'uz', 'x')","['x', 'uy', 'uz']","{'x': [-2.9335730635268557e-06, 1.0434324911144446e-05], 'ux': [7.734119691774316e-05, 0.00015618475929627833], 'uy': [-0.052199201656485, 0.05110312675697918], 'uz': [-0.004696009726721145, 0.004434965155565836]}"
0.01,0.0099169535384589,500,electrons,"('ux', 'uy', 'uz', 'x')","['x', 'uz', 'ux', 'uy']","{'x': [6.522332724230797e-07, 7.376057063757623e-06], 'ux': [0.0006366647302720949, 0.10500216132771295], 'uy': [0.013082506269224664, 0.18446868013555354], 'uz': [-0.030910124423238365, 0.09408003801986708]}"
0.01,0.0099805444989882,500,electrons,"('ux', 'uy', 'uz', 'x')","['uz', 'x', 'ux']","{'x': [3.82140128359427e-07, 7.776663938375754e-06], 'ux': [-0.291280736181565, 0.0012598824055259639], 'uy': [0.030286782698234187, 0.4194811770547846], 'uz': [-0.2274197304260185, 0.14370576749457822]}"
0.01,0.0100321080009745,500,electrons,"('ux', 'uy', 'uz', 'x')","['x', 'ux', 'uy', 'uz']","{'x': [4.904856378258398e-08, 6.386096736794199e-06], 'ux': [0.0014280067943060921, 0.050476784549474935], 'uy': [0.010242686243997955, 0.15825731963049766], 'uz': [-0.07612873315305134, 0.06264710235357597]}"
0.01,0.0099372891209753,500,electrons,"('ux', 'uy', 'uz', 'x')","['ux', 'x', 'uz', 'uy']","{'x': [-6.116202922001109e-06, -2.694026257853898e-06], 'ux': [-0.905834502424064, -0.0284553899623341], 'uy': [-0.05987376349439666, 0.38682556971238424], 'uz': [-0.5402562284540162, -0.017865712512347198]}"
0.01,0.0099818486812398,500,electrons,"('ux', 'uy', 'uz', 'x')","['x', 'uz', 'ux']","{'x': [-1.3621912617264624e-05, 3.3024940950322817e-06], 'ux': [-0.0008582131603474791, 0.00045971825800150164], 'uy': [0.0011149456162462177, 0.0020606947949054614], 'uz': [-0.0031101752488696946, 0.0009548732968728082]}"
0.01,0.0099465633058759,500,electrons,"('ux', 'uy', 'uz', 'x')","['ux', 'x', 'uy']","{'x': [-1.3871625877736756e-05, 6.385069967714034e-06], 'ux': [-0.006513575135000299, 0.0036342058669125077], 'uy': [-0.030056971184492527, 0.013120032841485857], 'uz': [-0.03787612364434145, -0.019064232258428005]}"
0.01,0.0099264933901145,500,electrons,"('ux', 'uy', 'uz', 'x')","['uy', 'x', 'uz']","{'x': [-6.817793896212978e-06, -1.0473310602209588e-06], 'ux': [-0.003646566798371428, -0.0008812866832473274], 'uy': [-0.0355504093342284, 0.0005969322431418171], 'uz': [-0.02549688785289897, 0.00853540201572612]}"
0.01,0.0099550887935579,500,electrons,"('ux', 'uy', 'uz', 'x')","['ux', 'uy', 'uz', 'x']","{'x': [7.1339093272076815e-06, 1.4977171358271459e-05], 'ux': [-4.1588782871454576e-05, 0.0007738524293422508], 'uy': [-0.001394282549520383, -8.751832340958728e-05], 'uz': [-0.004742129968047665, 1.0014762429089944e-05]}"
0.01,0.0100952883856097,500,electrons,"('ux', 'uy', 'uz', 'x', 'y')","['ux', 'x', 'uz', 'y', 'uy']","{'x': [-1.0750389427785313e-05, 3.0011331663065516e-06], 'y': [-4.9782662160991915e-06, -3.454687465211028e-06], 'ux': [-0.18760579649016515, 0.13885098753814484], 'uy': [-0.32831796493586807, 0.23361958204930078], 'uz': [-0.7505803118945107, 0.16382671031525248]}"
0.01,0.0099158667199159,500,electrons,"('ux', 'uy', 'uz', 'x', 'y')","['uz', 'uy', 'x', 'ux', 'y']","{'x': [-2.1069914930823267e-05, 1.6286306226099148e-06], 'y': [1.803131263778156e-05, 2.0596330742252725e-05], 'ux': [-0.00029805789614633304, 0.0001327942695692092], 'uy': [-0.0002921650003587071, 0.0006777429604432649], 'uz': [-0.00017878265488993495, 0.00026547477063304785]}"
0.01,0.010019331845213,500,electrons,"('ux', 'uy', 'uz', 'x', 'y')","['uy', 'ux', 'y']","{'x': [-7.442201237237655e-06, -5.860008118409039e-08], 'y': [9.466714248790894e-06, 2.297056667957842e-05], 'ux': [-0.0018107853305276318, 0.0012975833877247177], 'uy': [-0.02685581858093126, 0.03166863226653481], 'uz': [-0.00014003040627122068, 0.00043293428587803934]}"
0.01,0.0099868480465378,500,electrons,"('ux', 'uy', 'uz', 'x', 'y')","['y', 'x', 'ux', 'uy']","{'x': [-3.151314102514224e-05, 9.75309933886699e-06], 'y': [-1.2993323776936964e-05, -7.255782930738964e-06], 'ux': [-0.011277210147145647, 0.010971555432315141], 'uy': [-0.11951538610191383, 0.0655889205330183], 'uz': [0.0013290342125389725, 0.004899039088319264]}"
0.01,0.0099772840433591,500,electrons,"('ux', 'uy', 'uz', 'x', 'y')","['y', 'uy', 'x']","{'x': [-3.112890588208022e-05, -3.627114727938212e-06], 'y': [1.0145721422235219e-05, 1.7010729108756725e-05], 'ux': [-0.00021684817147971986, 0.00021586520912242089], 'uy': [-0.0024661811309377585, 0.0005743900089700362], 'uz': [-1.587517615864248e-05, 0.00013026764111413565]}"
0.01,0.0099909538054782,500,electrons,"('ux', 'uy', 'uz', 'x', 'y')","['y', 'uz', 'ux', 'uy', 'x']","{'x': [4.983441552843821e-07, 2.572109984008861e-05], 'y': [-1.7104477048921004e-05, -1.3729136707271814e-05], 'ux': [-5.833369248589747e-05, 8.575513270492815e-05], 'uy': [-0.001885902661239637, 0.0026244303492889984], 'uz': [-0.0003983464930344113, 0.000584967493688253]}"
0.01,0.0100104199331601,500,electrons,"('ux', 'uy', 'uz', 'x', 'y')","['uz', 'y', 'ux', 'x', 'uy']","{'x': [-2.2721705994874e-06, 8.91905097144702e-06], 'y': [-7.75436844390729e-06, -6.269570275942963e-06], 'ux': [-0.01750468927506929, 0.07914195968485163], 'uy': [-0.701797550703805, 0.29583419121077], 'uz': [-0.21337639018108973, 0.07102982580488484]}"
0.01,0.0099537604597831,500,electrons,"('ux', 'uy', 'uz', 'x', 'y')","['ux', 'y', 'x', 'uz', 'uy']","{'x': [-1.998896735002523e-05, -1.561768448994564e-06], 'y': [1.7064177176846746e-05, 1.937186680208714e-05], 'ux': [-0.00024533931448150265, 0.00033413425417243623], 'uy': [-0.00012607351533441456, 0.0009537296934639398], 'uz': [-0.000209162926592665, 0.00041539403882065896]}"
0.01,0.0099740960422995,500,electrons,"('ux', 'uy', 'uz', 'x', 'y')","['x', 'uy', 'y', 'ux', 'uz']","{'x': [-1.949907691287441e-05, 1.4152504718673027e-07], 'y': [-1.766496622701111e-05, -1.50745181023887e-05], 'ux': [-0.00221144428966693, -4.9344515545483034e-05], 'uy': [-0.0040457797802272485, 0.0012842219590258187], 'uz': [-0.0024729328940611217, 0.00018134141304418394]}"
0.01,0.0100965684163382,500,electrons,"('ux', 'uy', 'uz', 'x', 'y')","['y', 'uy', 'uz', 'x']","{'x': [7.158125780936163e-06, 3.0084131526557812e-05], 'y': [-1.69872767930725e-05, -1.1331821408200007e-05], 'ux': [0.0006500957595599345, 0.0012819949021323216], 'uy': [-0.006392379195083307, 0.006667720636614724], 'uz': [-0.0032413112435795443, 0.0027220607275578713]}"
0.01,0.0100721029233583,500,electrons,"('ux', 'uy', 'uz', 'x', 'y')","['uz', 'y', 'x', 'ux', 'uy']","{'x': [5.399960077229757e-06, 2.8222474114545833e-05], 'y': [1.5423400339265903e-05, 1.926207786551923e-05], 'ux': [-2.5837534043752082e-05, 0.0004423802006731806], 'uy': [-0.0012471170210285956, 0.00044631039622017874], 'uz': [-2.0763589194968318e-05, 0.0003825907158615634]}"
0.01,0.0100029329609748,500,electrons,"('ux', 'uy', 'uz', 'x', 'y')","['y', 'uz', 'ux', 'x']","{'x': [-2.325996339075102e-07, 3.5299286000902806e-05], 'y': [1.5205180669287913e-06, 6.906390680722006e-06], 'ux': [-0.01909715193588232, 0.027894743070899692], 'uy': [-0.000116126380056909, 0.00047258384621125916], 'uz': [-0.013438818765737682, 0.009092345050062652]}"
0.01,0.0100772955008417,500,electrons,"('ux', 'uy', 'uz', 'x', 'y')","['ux', 'x', 'y', 'uy']","{'x': [3.99498024937384e-06, 3.1500971915023675e-05], 'y': [-8.456385841492566e-06, -3.0147760405220745e-06], 'ux': [-0.00035269937472536347, 0.00020326396741176563], 'uy': [-0.008225457534880702, 0.006738221724637088], 'uz': [-0.00026216263941762185, 2.6872618181399495e-05]}"
0.01,0.0100162887532925,500,electrons,"('ux', 'uy', 'uz', 'x', 'y')","['y', 'x', 'uy']","{'x': [-4.185963029070898e-05, 6.82036159225182e-06], 'y': [-1.422113749319983e-05, -9.21600875200382e-06], 'ux': [-4.182802674966049e-05, 0.00013672579478933727], 'uy': [-0.005991707064772571, 0.004665796581381468], 'uz': [-0.0003733530434697938, 6.122180637926755e-05]}"
0.01,0.0100772713493185,500,electrons,"('ux', 'uy', 'uz', 'x', 'y')","['uz', 'x', 'y', 'uy']","{'x': [1.8892344487542677e-06, 1.9343981160375312e-05], 'y': [1.2459156034745858e-05, 1.4719572874354324e-05], 'ux': [-0.0003839124209112503, 0.00016792435425696102], 'uy': [-0.0092688972636956, 0.007181532266507517], 'uz': [-0.0011475939708856249, 0.002914321256337051]}"
0.01,0.0099595085222996,500,electrons,"('ux', 'uy', 'uz', 'x', 'y', 'z')","['x', 'uy', 'z', 'ux', 'y']","{'x': [-0.0192370373363469, 0.016986904620217527], 'y': [-0.0032138738174063274, 0.000684494174933573], 'z': [1.432948503893132e-05, 0.00568053004398821], 'ux': [-3.062203179266408, 2.848117789021517], 'uy': [-17.466548655881326, 18.10208886971771], 'uz': [0.10364716651514948, 0.3839018034756355]}"
0.01,0.0099214940248165,500,electrons,"('ux', 'uy', 'uz', 'x', 'y', 'z')","['y', 'ux', 'x', 'uy', 'z']","{'x': [-0.00042999811464343863, 0.00393380065041545], 'y': [-0.0026225449413853218, 0.0025300611365419398], 'z': [3.46881674339705e-06, 0.0035615342675969696], 'ux': [-1.6503487077612027, 1.8699323291387122], 'uy': [-2.3829895472924005, 2.4514325027654196], 'uz': [-0.8900995319011926, -0.15691331669515485]}"
0.01,0.0099499686706441,500,electrons,"('ux', 'uy', 'uz', 'x', 'y', 'z')","['y', 'uz', 'x', 'z']","{'x': [-0.02114085429008755, 0.023390849352520237], 'y': [-0.009704806693915212, 0.011111419282902697], 'z': [2.5860303265775285e-05, 0.008642838858523124], 'ux': [-0.008256578904772102, -0.0002763742342116462], 'uy': [0.005044672571417342, 0.38384276309707593], 'uz': [-2.2272075353115275, 2.1722783355075164]}"
0.01,0.0100618143744842,500,electrons,"('ux', 'uy', 'uz', 'x', 'y', 'z')","['y', 'x', 'z', 'uz']","{'x': [-0.006003962442922403, 0.0037557905266168154], 'y': [-1.7455213044458365e-07, 0.0017767692648383254], 'z': [-0.0019827794212905225, 0.003001523821132173], 'ux': [-0.4674234667307523, -0.05540175753036007], 'uy': [-0.15912434135084336, 0.23890987636176678], 'uz': [-11.27086388987652, 12.363522007393211]}"
0.01,0.0099193686907768,500,electrons,"('ux', 'uy', 'uz', 'x', 'y', 'z')","['y', 'x', 'z', 'ux']","{'x': [-0.026990247588126227, 0.02348656052198188], 'y': [-0.004284656060803227, 0.004565681423063017], 'z': [3.329397216140064e-05, 0.006085490417806989], 'ux': [-8.149443656650032, 8.301489550345966], 'uy': [-0.2183552352931366, 0.6051282734805181], 'uz': [0.002974449721901247, 0.03305628169872788]}"
0.01,0.0100157815713058,500,electrons,"('ux', 'uy', 'uz', 'x', 'y', 'z')","['z', 'y', 'ux', 'x', 'uz']","{'x': [-0.020352673716112536, 0.01960536210660904], 'y': [-0.005529597400067631, 0.0033734057208381074], 'z': [3.2205509994485656e-05, 0.0035365213945752205], 'ux': [-8.23066571847584, 7.591601842910181], 'uy': [-0.7133411683743766, -0.051547518070087145], 'uz': [-44.1357089365174, 38.94052601798029]}"
0.01,0.0099982475654781,500,electrons,"('ux', 'uy', 'uz', 'x', 'y', 'z')","['z', 'y', 'x', 'ux']","{'x': [-0.016221754592210508, 0.013971568970870674], 'y': [-0.00011010144647062093, 0.0037659421580232607], 'z': [1.0506587379260218e-05, 0.006108572560857816], 'ux': [-0.5918875719725786, 0.5697250587328156], 'uy': [-0.0025527091464684327, 0.04353369471785924], 'uz': [0.0026115613742128396, 0.013732831809826039]}"
0.01,0.010020684330511,500,electrons,"('ux', 'uy', 'uz', 'x', 'y', 'z')","['uy', 'ux', 'uz', 'y']","{'x': [5.879614631912494e-06, 0.0007458259089563921], 'y': [1.691239271137167e-05, 0.0036440809265160918], 'z': [5.750768840841423e-06, 2.2620515778094707e-05], 'ux': [-3.593507244910609, 3.953159733170332], 'uy': [-4.9698482799912265, 6.596273355831442], 'uz': [-3.4065487650048762, 2.1074576585295395]}"
0.01,0.0099993343840211,500,electrons,"('ux', 'uy', 'uz', 'x', 'y', 'z')","['z', 'ux', 'uy', 'uz', 'y']","{'x': [-0.0007423512755940354, -6.044102927458654e-08], 'y': [-0.00010282196032963364, 8.998818472783686e-06], 'z': [-6.500469419395212e-05, 2.1211930394154342e-05], 'ux': [-157.95000207495917, 48.61352534673476], 'uy': [-38.94769549050992, -0.04765853210781046], 'uz': [-227.1756225556804, 91.16556765760524]}"
0.01,0.0100765951066695,500,electrons,"('ux', 'uy', 'uz', 'x', 'y', 'z')","['z', 'ux', 'uy', 'y', 'x']","{'x': [-0.0007193261237572234, 0.004224622848648679], 'y': [-0.002506029667343187, 0.0007274914481403043], 'z': [2.4682323478476256e-05, 0.002905065937802909], 'ux': [-1.2844659090197685, 1.3249677106253432], 'uy': [-7.864351474185754, 7.937093501115489], 'uz': [-0.495185719630876, -0.05661902324795396]}"
0.01,0.0099396076672005,500,electrons,"('ux', 'uy', 'uz', 'x', 'y', 'z')","['x', 'y', 'z', 'uy']","{'x': [-0.03563197959044576, 0.034881979309764034], 'y': [-0.00763564136099948, 0.005666993612636556], 'z': [3.781598827139101e-05, 0.008843437879785358], 'ux': [-0.001024830444681977, -1.349330694380895e-07], 'uy': [-32.90423056290178, 33.18556141449236], 'uz': [0.0003965501190807062, 0.029590626359709167]}"
0.01,0.0100016287787231,500,electrons,"('ux', 'uy', 'uz', 'x', 'y', 'z')","['ux', 'y', 'uy']","{'x': [-0.0007495732252562491, -1.3632620663027574e-07], 'y': [-0.0002636327560097307, -1.755774811912052e-05], 'z': [3.1650148409210834e-05, 0.00013743002585751092], 'ux': [-191.8320526751879, 99.05537704008813], 'uy': [-176.26759185370196, 95.88122782397073], 'uz': [-185.57380038837158, 54.29880972919923]}"
0.01,0.0100207567850806,500,electrons,"('ux', 'uy', 'uz', 'x', 'y', 'z')","['z', 'y', 'uz', 'x']","{'x': [-0.032521815651433854, 0.030270054587032337], 'y': [-0.003647828976504206, -8.395363741381216e-06], 'z': [-0.01603757038541151, 0.018118320906391504], 'ux': [-0.07502831206414087, 0.012323117755443964], 'uy': [-0.07686122690802044, -0.011787192841394917], 'uz': [-2.9194116671882804, 2.718854560779539]}"
0.01,0.0100030778701138,500,electrons,"('ux', 'uy', 'uz', 'x', 'y', 'z')","['y', 'uy', 'uz', 'z']","{'x': [-0.0007483632600647678, -6.310526475354783e-06], 'y': [-0.00138734847211684, -1.8907477888491773e-05], 'z': [-0.0010457202013994002, 0.0012144884195937058], 'ux': [-13.824738703370324, 7.383960602729668], 'uy': [-484.9454909565198, 477.0166121201135], 'uz': [-246.33893568654787, 276.92072235959756]}"
0.01,0.0099786365286571,500,electrons,"('ux', 'uy', 'uz', 'x', 'y', 'z')","['x', 'y', 'uy']","{'x': [-0.0007316808046452741, -1.837168641999245e-05], 'y': [-0.00010257765217267209, 8.969489605687239e-06], 'z': [3.12892431528734e-05, 0.00013747862336387442], 'ux': [-133.8081099441494, 32.79498101698111], 'uy': [-119.69412066291216, 100.47891852038666], 'uz': [-184.6392842465303, 53.09994307297534]}"
0.01,0.0100521296136896,500,electrons,"('ux', 'uy', 'x', 'y')","['x', 'y', 'uy', 'ux']","{'x': [-9.862616731652599e-06, 9.458650499830794e-07], 'y': [-7.115890823775404e-06, -5.198487199377063e-06], 'ux': [-0.10376222600528535, 0.015770931715429898], 'uy': [-0.26421580522805416, 0.0468681029216684]}"
0.01,0.0099900843506437,500,electrons,"('ux', 'uy', 'x', 'y')","['uy', 'ux', 'x', 'y']","{'x': [5.375600380371312e-06, 1.7447384216617815e-05], 'y': [4.379305744353483e-06, 5.988826888986927e-06], 'ux': [-0.02936348966336109, 0.020562425340495117], 'uy': [-0.036489428244805944, 0.0033314306107366173]}"
0.01,0.0100124486611071,500,electrons,"('ux', 'uy', 'x', 'y')","['ux', 'y', 'uy']","{'x': [-1.4944702738842012e-05, -7.5662989211581255e-06], 'y': [-1.8470466303783666e-05, -1.6304640459489352e-05], 'ux': [-0.00294692944322427, 0.0002610136275055751], 'uy': [-0.005190164426527639, 0.0024680831857203153]}"
0.01,0.0099120990823,500,electrons,"('ux', 'uy', 'x', 'y')","['ux', 'uy', 'y']","{'x': [7.636625876493533e-06, 9.717320452081092e-06], 'y': [-2.1340839257896097e-06, 5.395385443230824e-06], 'ux': [-0.543178209774293, 2.2973506355839697], 'uy': [-0.46284138925025076, 0.33318192765448673]}"
0.01,0.0099958565646834,500,electrons,"('ux', 'uy', 'x', 'y')","['y', 'ux', 'x']","{'x': [-2.6456782483131785e-05, -9.078798818155517e-06], 'y': [-1.3723225066644955e-05, -1.1058861577054904e-05], 'ux': [-0.005031874506695462, 0.003193152019591519], 'uy': [-4.9498825986819346e-05, 0.0015444608267882744]}"
0.01,0.0100365760327626,500,electrons,"('ux', 'uy', 'x', 'y')","['x', 'ux', 'y']","{'x': [-1.0301652304681074e-05, 1.7341229107963875e-06], 'y': [4.209305573802159e-06, 6.045076812731633e-06], 'ux': [-0.1586444091953722, 0.1157271923634326], 'uy': [-0.058738060554252416, 0.25780029919076364]}"
0.01,0.0099675026764717,500,electrons,"('ux', 'uy', 'x', 'y')","['ux', 'y', 'uy']","{'x': [7.5009520985817815e-06, 8.58708242159034e-06], 'y': [-2.6068877939194048e-06, 1.2082801363457594e-05], 'ux': [-1.9428961289458424, 2.331480590427393], 'uy': [-1.1199784898848784, 1.372027755974855]}"
0.01,0.0100689632253451,500,electrons,"('ux', 'uy', 'x', 'y')","['x', 'ux', 'uy']","{'x': [-9.055707991586168e-06, 4.654684746675204e-05], 'y': [-1.962988957891025e-05, -1.8808124032380185e-05], 'ux': [-0.0008014407418699699, 0.0006278300881492042], 'uy': [-0.0023986611143666627, 0.0014689668695210083]}"
0.01,0.0099734197996505,500,electrons,"('ux', 'uy', 'x', 'y')","['ux', 'x', 'y']","{'x': [-2.205078465923223e-06, 1.0189766436116018e-05], 'y': [9.04262806411727e-06, 1.061075567713984e-05], 'ux': [-0.0017321477944601364, 0.012958158529701513], 'uy': [-0.02285450870442136, 0.08936131957413229]}"
0.01,0.010023654967862,500,electrons,"('ux', 'uy', 'x', 'y')","['x', 'uy', 'y', 'ux']","{'x': [-2.4730783186788092e-05, -1.0393920239160585e-05], 'y': [8.555137695438383e-06, 1.1029577908728304e-05], 'ux': [-0.0006476476825778882, 0.0011965834019692146], 'uy': [-0.00183036626127959, 0.0027733653076847217]}"
0.01,0.0099991170203125,500,electrons,"('ux', 'uy', 'x', 'y')","['y', 'ux', 'uy', 'x']","{'x': [-4.09674543216061e-05, 4.846745432160611e-05], 'y': [2.3907596312000495e-06, 1.3546740422454917e-05], 'ux': [-3.619378351844708e-09, 3.523318245382842e-09], 'uy': [-2.4638095575222016e-06, 2.8831444875934183e-06]}"
0.01,0.0100381700332923,500,electrons,"('ux', 'uy', 'x', 'y')","['ux', 'y', 'x']","{'x': [-2.0508404210203057e-05, 3.7405428903341176e-06], 'y': [1.583630078274727e-05, 1.859312581327089e-05], 'ux': [-0.003491991692988929, 0.0026067380384874983], 'uy': [0.00046894466350060147, 0.0019674414710295226]}"
0.01,0.0100101542664052,500,electrons,"('ux', 'uy', 'x', 'y')","['y', 'ux', 'x']","{'x': [-1.8403155212867295e-05, 1.9181701095646055e-05], 'y': [-7.501675566316292e-06, -3.5336006885286005e-06], 'ux': [-0.00036443103950241433, 0.00024322338307546267], 'uy': [-0.012379490425865563, -0.0009413289466155038]}"
0.01,0.009963203705346,500,electrons,"('ux', 'uy', 'x', 'y')","['ux', 'x', 'y', 'uy']","{'x': [-1.9195337719689567e-05, -3.3065832814642203e-06], 'y': [7.176895881132979e-06, 8.751981054624174e-06], 'ux': [-0.0026321136653593502, 0.0014630959534948805], 'uy': [-0.1548548714721258, 0.1658864851225939]}"
0.01,0.0099639765540877,500,electrons,"('ux', 'uy', 'x', 'y')","['ux', 'y', 'x', 'uy']","{'x': [-2.6727186958271052e-05, -8.313529927538935e-06], 'y': [1.611002831203262e-05, 1.857446994830771e-05], 'ux': [-0.0005430724554779979, 0.00019801474660931885], 'uy': [-0.0008538037375608285, 0.000591354067496393]}"
0.01,0.0100214088762064,500,electrons,"('x',)",['x'],"{'x': [-1.939782412853003e-06, -1.5643770346896004e-06]}"
0.01,0.0100039473249483,500,electrons,"('x',)",['x'],"{'x': [-1.939493283196934e-06, -1.564387102425006e-06]}"
0.01,0.0099424575469355,500,electrons,"('x',)",['x'],"{'x': [-5.733702517615679e-07, -1.7673040177222458e-07]}"
0.01,0.0099609817652135,500,electrons,"('x',)",['x'],"{'x': [-5.739504786464129e-07, -1.766836848682909e-07]}"
0.01,0.0099156010531609,500,electrons,"('x',)",['x'],"{'x': [1.5683266289126758e-06, 1.93867178441431e-06]}"
0.01,0.0100169891474647,500,electrons,"('x',)",['x'],"{'x': [-1.9397856745183223e-06, -1.565002060083696e-06]}"
0.01,0.0100909411114376,500,electrons,"('x',)",['x'],"{'x': [-1.3477452579872916e-06, -9.022750271716552e-07]}"
0.01,0.0100147913588555,500,electrons,"('x',)",['x'],"{'x': [1.5642231550773674e-06, 1.9396484229760383e-06]}"
0.01,0.0099262277233595,500,electrons,"('x',)",['x'],"{'x': [-1.9388017061856955e-06, -1.568268477800243e-06]}"
0.01,0.0100309728793851,500,electrons,"('x',)",['x'],"{'x': [-1.9398216144357526e-06, -1.563632823287933e-06]}"
0.01,0.0100372281238884,500,electrons,"('x',)",['x'],"{'x': [-1.3476767164035539e-06, -8.988085932325876e-07]}"
0.01,0.0100627562838882,500,electrons,"('x',)",['x'],"{'x': [-1.9403669337291635e-06, -1.5635396281016138e-06]}"
0.01,0.0099897703808424,500,electrons,"('x',)",['x'],"{'x': [1.5645979420586958e-06, 1.9393083079413043e-06]}"
0.01,0.0099339079077303,500,electrons,"('x',)",['x'],"{'x': [-1.9388394677345996e-06, -1.5676337690492688e-06]}"
0.01,0.0100224473917031,500,electrons,"('x',)",['x'],"{'x': [8.967792511862925e-07, 1.3476611573316675e-06]}"
0.01,0.0099004821996511,500,electrons,"('x', 'y')","['x', 'y']","{'x': [-2.6912607976790266e-05, 2.6344871536452843e-06], 'y': [-2.0370102968593284e-05, -1.935192855632568e-05]}"
0.01,0.0099094182632272,500,electrons,"('x', 'y')","['y', 'x']","{'x': [-2.158107485693421e-05, -1.2491636401950987e-05], 'y': [-1.5688336648355578e-05, -1.3634657473857245e-05]}"
0.01,0.0099528427019023,500,electrons,"('x', 'y')","['y', 'x']","{'x': [-1.6644603980838476e-05, -5.466257093762621e-06], 'y': [-4.90313647770433e-06, -3.5391304459492134e-06]}"
0.01,0.0100259252110408,500,electrons,"('x', 'y')","['y', 'x']","{'x': [1.2367095656741089e-05, 2.3160718993086157e-05], 'y': [-4.1266995545290687e-07, 1.384569870218973e-06]}"
0.01,0.0100951676279938,500,electrons,"('x', 'y')","['x', 'y']","{'x': [1.8296856352786604e-06, 2.8278473139695188e-05], 'y': [1.9159874353856126e-05, 2.0366518632646663e-05]}"
0.01,0.0099570209154122,500,electrons,"('x', 'y')","['y', 'x']","{'x': [-1.6811153212269405e-05, -5.641173829166419e-06], 'y': [3.4956683917331905e-06, 4.941909251906315e-06]}"
0.01,0.0100926317180601,500,electrons,"('x', 'y')","['x', 'y']","{'x': [-2.051584132533736e-06, 9.6446419310282e-06], 'y': [-5.853782744332848e-06, -4.459128182663624e-06]}"
0.01,0.0099859785917034,500,electrons,"('x', 'y')","['y', 'x']","{'x': [-2.3561522872844255e-05, -1.1481795373869303e-05], 'y': [1.7349412991725795e-05, 1.920936983741629e-05]}"
0.01,0.0100030778701138,500,electrons,"('x', 'y')","['x', 'y']","{'x': [1.241919543410954e-05, 2.2564566750064952e-05], 'y': [-1.1869620512472921e-05, -9.98177081426936e-06]}"
0.01,0.0099835875909087,500,electrons,"('x', 'y')","['y', 'x']","{'x': [-9.502773274976332e-06, 1.9921795501730292e-06], 'y': [1.5835671975345014e-06, 3.1038908116526946e-06]}"
0.01,0.0100030778701138,500,electrons,"('x', 'y')","['x', 'y']","{'x': [4.013225187923573e-06, 1.7715505981833078e-05], 'y': [-1.606337372882445e-05, -1.4915221834843752e-05]}"
0.01,0.0099380861212402,500,electrons,"('x', 'y')","['x', 'y']","{'x': [-9.169469409977178e-06, 1.6318464585591616e-06], 'y': [-7.762586859081568e-06, -6.299773873311636e-06]}"
0.01,0.0099837325000478,500,electrons,"('x', 'y')","['y', 'x']","{'x': [6.558344752549588e-06, 1.6572470566700755e-05], 'y': [-5.9448427538978225e-06, -4.525566500888832e-06]}"
0.01,0.0099505966102467,500,electrons,"('x', 'y')","['y', 'x']","{'x': [-1.014221833880585e-05, 2.9869861501658324e-06], 'y': [9.307660164085999e-06, 1.0423075263695241e-05]}"
0.01,0.0100875357466694,500,electrons,"('x', 'y')","['x', 'y']","{'x': [-1.7460266202814541e-06, 9.39253163097605e-06], 'y': [-3.0817305395507108e-06, -1.5687840692128268e-06]}"
0.01,0.010046236642034,500,electrons,"('x', 'y', 'z')","['y', 'z', 'x']","{'x': [-1.7060369661218126e-05, 1.4809229413187439e-05], 'y': [-1.3028767963977935e-06, 4.772200021074596e-06], 'z': [-9.11813438337824e-07, 4.054381568516867e-06]}"
0.01,0.0100551002510405,500,electrons,"('x', 'y', 'z')","['z', 'x', 'y']","{'x': [-3.878995790550789e-05, 3.954230640318084e-05], 'y': [-3.6735897433148362e-06, 7.649847192896057e-07], 'z': [-1.3420366700072399e-07, 4.343097009176307e-06]}"
0.01,0.0099018346849491,500,electrons,"('x', 'y', 'z')","['x', 'z', 'y']","{'x': [-2.451807130523688e-05, 2.101384591720605e-05], 'y': [1.0355884490625223e-06, 2.936954096765494e-06], 'z': [-8.382047591960924e-06, 1.0250608161460106e-05]}"
0.01,0.0100089466902462,500,electrons,"('x', 'y', 'z')","['y', 'z']","{'x': [1.5060819890843247e-06, 1.9982269200496213e-06], 'y': [-1.916772219996009e-05, 2.226116687204152e-05], 'z': [-3.678664078809487e-05, 4.120562396499468e-05]}"
0.01,0.0100557281906432,500,electrons,"('x', 'y', 'z')","['z', 'y', 'x']","{'x': [-2.038314285005061e-05, 2.113614191378226e-05], 'y': [-1.6724236430166785e-06, 4.39040596920879e-06], 'z': [4.985287896856735e-07, 3.7076608367330993e-06]}"
0.01,0.0099356468173992,500,electrons,"('x', 'y', 'z')","['z', 'x', 'y']","{'x': [-3.375744564380936e-05, 3.60089494174886e-05], 'y': [-3.5928756245637432e-06, 1.2444916781753627e-07], 'z': [-1.4157435945024936e-06, 4.985284285793574e-06]}"
0.01,0.0099069789593862,500,electrons,"('x', 'y', 'z')","['z', 'y', 'x']","{'x': [-1.350162455819744e-05, 1.2746234186572439e-05], 'y': [-3.1514739478432364e-06, 1.1827283726872018e-06], 'z': [-1.3238723990562316e-06, 6.1651834331339636e-06]}"
0.01,0.0099365162722336,500,electrons,"('x', 'y', 'z')","['z', 'y', 'x']","{'x': [-1.8416831391311774e-05, 1.4912207954562359e-05], 'y': [-1.1859428008176458e-06, 3.3417258644335122e-06], 'z': [-1.502797816393104e-06, 4.8579300457265325e-06]}"
0.01,0.0100298860608421,500,electrons,"('x', 'y', 'z')","['y', 'x', 'z']","{'x': [-3.0493811144270707e-05, 2.8243798348701265e-05], 'y': [-2.668912604763567e-06, 1.075568943619326e-06], 'z': [1.9827065458131555e-06, 6.473623617083006e-06]}"
0.01,0.0099112537789888,500,electrons,"('x', 'y', 'z')","['y', 'z', 'x']","{'x': [-2.3223514675306603e-05, 2.5470961633382907e-05], 'y': [-2.496756385081371e-06, 3.902958200924573e-06], 'z': [-3.2142696403224035e-06, 3.1952200393909344e-06]}"
0.01,0.0099942625641536,500,electrons,"('x', 'y', 'z')","['z', 'y']","{'x': [-1.998188556059871e-06, -1.5063754252371612e-06], 'y': [-7.658938162526392e-05, 7.631010103740295e-05], 'z': [-3.9474291003568744e-05, 4.027825656400792e-05]}"
0.01,0.0100902165657422,500,electrons,"('x', 'y', 'z')","['x', 'y', 'z']","{'x': [-1.8422377931413657e-05, 2.192628657237912e-05], 'y': [-3.097844198322913e-06, 1.6917645244764464e-06], 'z': [2.4304112544744723e-06, 6.025847420354306e-06]}"
0.01,0.0099362264539555,500,electrons,"('x', 'y', 'z')","['z', 'y', 'x']","{'x': [-1.3966272436280649e-05, 1.0462381288656687e-05], 'y': [-3.3814446521413873e-06, 4.75012604936564e-07], 'z': [-5.849250234353096e-07, 7.5536208187702205e-06]}"
0.01,0.0100866904433582,500,electrons,"('x', 'y', 'z')","['x', 'z', 'y']","{'x': [-2.247189326968752e-05, 2.1715650254345894e-05], 'y': [-5.000185270359258e-06, 3.0314322277662773e-06], 'z': [-2.3335487222506486e-06, 2.714796644955811e-06]}"
0.01,0.0099289326939555,500,electrons,"('x', 'y', 'z')","['z', 'y', 'x']","{'x': [-2.2547513356663476e-05, 2.3297583493838777e-05], 'y': [-3.209677807451622e-07, 2.851222498781027e-06], 'z': [8.350842811653869e-07, 6.346651576723396e-06]}"
0.1,0.0992990358518735,500,electrons,"('ux',)",['ux'],"{'ux': [-1.0493528316432807e-05, 2.8073350685255106e-06]}"
0.1,0.1008549011265622,500,electrons,"('ux',)",['ux'],"{'ux': [4.631889241025656e-05, 0.0002507550005093021]}"
0.1,0.0999868953835232,500,electrons,"('ux',)",['ux'],"{'ux': [9.558273840572375e-06, 0.00014144299200260382]}"
0.1,0.0998339437872331,500,electrons,"('ux',)",['ux'],"{'ux': [-4.384479138462596e-06, 8.448458240733446e-06]}"
0.1,0.1007950053490793,500,electrons,"('ux',)",['ux'],"{'ux': [0.0011268797135779592, 0.005644274130908754]}"
0.1,0.100908010326032,500,electrons,"('ux',)",['ux'],"{'ux': [-3.287682339385435e-06, 1.0809372748093883e-05]}"
0.1,0.0999136921167689,500,electrons,"('ux',)",['ux'],"{'ux': [3.732400248451106e-07, 9.62547760417514e-05]}"
0.1,0.0995508879355799,500,electrons,"('ux',)",['ux'],"{'ux': [-2.816034952417018e-05, 7.497363564589173e-09]}"
0.1,0.0998790105294844,500,electrons,"('ux',)",['ux'],"{'ux': [1.4840705724989908e-08, 8.029217677525186e-05]}"
0.1,0.0995229204717391,500,electrons,"('ux',)",['ux'],"{'ux': [0.0007856487038861788, 0.002939375061035932]}"
0.1,0.1007602513072253,500,electrons,"('ux',)",['ux'],"{'ux': [-1.6405744916015237e-06, 1.4270024648381581e-05]}"
0.1,0.0993412527143896,500,electrons,"('ux',)",['ux'],"{'ux': [-0.00871414196474757, -0.0014633996092005847]}"
0.1,0.0991186481252525,500,electrons,"('ux',)",['ux'],"{'ux': [-7.3149638799981e-07, 1.6238677610491798e-05]}"
0.1,0.1003539743843148,500,electrons,"('ux',)",['ux'],"{'ux': [-3.733547412204663e-09, 3.034550547741977e-05]}"
0.1,0.1007712885533179,500,electrons,"('ux',)",['ux'],"{'ux': [-0.09542239703174042, -0.0031672016474961623]}"
0.1,0.1001885606020646,500,electrons,"('ux', 'uy')","['uy', 'ux']","{'ux': [-0.00016775122862647298, 3.668820501337791e-05], 'uy': [-0.00048004775188116507, 0.0001731179017128894]}"
0.1,0.1002051768500115,500,electrons,"('ux', 'uy')","['ux', 'uy']","{'ux': [-0.0020401513642792912, 0.1306621259468202], 'uy': [-0.2913163280524693, -0.0066369497947407485]}"
0.1,0.1005276721390154,500,electrons,"('ux', 'uy')","['uy', 'ux']","{'ux': [-0.0034793064626116236, -0.0005872891658954434], 'uy': [-0.004910348190860272, 0.0006315453303354368]}"
0.1,0.0990973464818089,500,electrons,"('ux', 'uy')","['uy', 'ux']","{'ux': [-0.0002980560634277967, -3.714476466557101e-05], 'uy': [-0.0006873212347701112, 0.0020197452016283324]}"
0.1,0.0990933373289613,500,electrons,"('ux', 'uy')","['uy', 'ux']","{'ux': [-5.2561057708519265e-05, 1.461400854940863e-06], 'uy': [-0.0001406276743821217, 0.0012934713077833544]}"
0.1,0.0999827896245829,500,electrons,"('ux', 'uy')","['uy', 'ux']","{'ux': [-0.0015865825554630547, -0.0002716804500021942], 'uy': [-0.0013395490060631912, 0.001744778963479858]}"
0.1,0.1004204152245792,500,electrons,"('ux', 'uy')","['uy', 'ux']","{'ux': [0.0023555030354615106, 0.039615195809145375], 'uy': [-0.004204308978597776, 0.09939021045864999]}"
0.1,0.0992144813692252,500,electrons,"('ux', 'uy')","['ux', 'uy']","{'ux': [-0.0012795829718629903, -0.00023756148283327148], 'uy': [-0.0021725416840988666, 0.0019361716710568546]}"
0.1,0.1003133998253748,500,electrons,"('ux', 'uy')","['uy', 'ux']","{'ux': [-0.00010065408720655398, 9.051001406059004e-06], 'uy': [-0.00011664422481609651, 0.0004850761363709391]}"
0.1,0.1009889903832498,500,electrons,"('ux', 'uy')","['ux', 'uy']","{'ux': [-0.0010655743725941826, 0.00017209490688960207], 'uy': [-0.006254090327195596, -0.0007726845728455163]}"
0.1,0.1002562814730574,500,electrons,"('ux', 'uy')","['uy', 'ux']","{'ux': [0.0003999590146451673, 0.0014558549875316848], 'uy': [-0.00014790848877309273, 0.004790290068667569]}"
0.1,0.1004050790073608,500,electrons,"('ux', 'uy')","['uy', 'ux']","{'ux': [-0.001067789919136111, 0.0026045468682887136], 'uy': [-0.010636171441202675, -0.001303861754673813]}"
0.1,0.1008515682163636,500,electrons,"('ux', 'uy')","['uy', 'ux']","{'ux': [-1.155113070888676e-06, 4.103556464431267e-05], 'uy': [-0.0002356577787231847, 0.004384748149848251]}"
0.1,0.0996620815482942,500,electrons,"('ux', 'uy')","['ux', 'uy']","{'ux': [-2.7590873582846617e-05, 5.986202567152586e-06], 'uy': [-0.0004914960710140513, 0.0017911897243562968]}"
0.1,0.0995389329316065,500,electrons,"('ux', 'uy')","['ux', 'uy']","{'ux': [1.6080395522120232e-05, 0.0006520468222281455], 'uy': [-0.000828041478192058, 0.0009539198020068369]}"
0.1,0.100764405369212,500,electrons,"('ux', 'uy', 'uz')","['uy', 'uz', 'ux']","{'ux': [2.069737296479942e-06, 0.00039341292846628036], 'uy': [-0.00200999998744729, 0.0022368461462529835], 'uz': [-0.0004385464767124032, 0.0008769485228544115]}"
0.1,0.0999720180452452,500,electrons,"('ux', 'uy', 'uz')","['ux', 'uz', 'uy']","{'ux': [-0.0005942659488035877, -6.873440274424787e-06], 'uy': [-0.007343183645665033, 0.009075738566725501], 'uz': [-0.0006723276606571101, 0.0002994327925098161]}"
0.1,0.0998618629480276,500,electrons,"('ux', 'uy', 'uz')","['uz', 'ux', 'uy']","{'ux': [-1.0998675927769553e-05, 1.8375823813542712e-05], 'uy': [-0.005757481247446991, 0.0046303724489772284], 'uz': [-0.00011697436216927685, 0.00019820051717084697]}"
0.1,0.0991610823514773,500,electrons,"('ux', 'uy', 'uz')","['uy', 'ux']","{'ux': [-0.43703442149932964, 0.4216772272789427], 'uy': [-0.2939282668572025, 0.28274416065842023], 'uz': [-0.06881103820335198, -0.009718346027740351]}"
0.1,0.1002109490640511,500,electrons,"('ux', 'uy', 'uz')",['uy'],"{'ux': [-0.022336741991483347, 0.02496074764941168], 'uy': [-0.0014422314443932513, -0.0006084783852088383], 'uz': [-0.01886515367717443, 0.04906329119460137]}"
0.1,0.0995795557935929,500,electrons,"('ux', 'uy', 'uz')","['ux', 'uz', 'uy']","{'ux': [-0.0006606172415952317, 0.00016596804773074558], 'uy': [-0.00021403657680512666, 0.0001932986109114039], 'uz': [-0.0004915419938628823, 0.0002757918590635668]}"
0.1,0.1007186140812654,500,electrons,"('ux', 'uy', 'uz')","['uz', 'uy', 'ux']","{'ux': [-0.0009651626306231949, 0.00028009138330007744], 'uy': [-0.0012269178164065297, 0.0044127877345456305], 'uz': [0.00010165228131665989, 0.0019830635716050786]}"
0.1,0.1002546633210044,500,electrons,"('ux', 'uy', 'uz')","['ux', 'uy', 'uz']","{'ux': [-0.0007844086905423939, 0.00025791657957536824], 'uy': [6.510932970651832e-05, 0.0011726018821601849], 'uz': [-0.004053188380435099, 0.0001483720168084545]}"
0.1,0.0999295113644509,500,electrons,"('ux', 'uy', 'uz')","['uy', 'ux', 'uz']","{'ux': [-0.00036675064379296566, 0.00013866340148887266], 'uy': [-0.0010270657666464642, 0.0001211963719298913], 'uz': [-0.0007089228337184197, 6.027841860048715e-06]}"
0.1,0.0995651856373017,500,electrons,"('ux', 'uy', 'uz')","['uy', 'uz', 'ux']","{'ux': [-0.001136701985234443, 0.02123570710233798], 'uy': [-0.011442453857562842, -0.001110408265322515], 'uz': [-0.0033470680884690124, 0.009713936833499203]}"
0.1,0.0990974430879017,500,electrons,"('ux', 'uy', 'uz')","['uz', 'uy', 'ux']","{'ux': [-0.006794002043943191, 0.0003352083017798919], 'uy': [-0.01563664932270184, -0.0013965674947046206], 'uz': [-0.03238938352644913, 0.0039062149131714567]}"
0.1,0.0998874394110738,500,electrons,"('ux', 'uy', 'uz')","['ux', 'uz']","{'ux': [-0.0012544026033874185, 0.0012639624380887588], 'uy': [-1.837801474742207e-05, 0.00020332819289230913], 'uz': [-0.004444915658868981, 0.004508571180992538]}"
0.1,0.0991245169453849,500,electrons,"('ux', 'uy', 'uz')","['uy', 'uz', 'ux']","{'ux': [-3.359135708988742e-05, 3.363707560280854e-05], 'uy': [-0.0006831251231474059, 0.0006765751350127515], 'uz': [-0.00014238334367654064, 0.00014155711456655598]}"
0.1,0.1003507863832553,500,electrons,"('ux', 'uy', 'uz')","['uy', 'ux', 'uz']","{'ux': [-0.006172746318356981, -0.00013256660577837644], 'uy': [-0.002855870980393669, 0.0005560049129491463], 'uz': [-0.0035660608502958964, 0.0026494244381485]}"
0.1,0.0998483622465708,500,electrons,"('ux', 'uy', 'uz')",['ux'],"{'ux': [-0.04195051624462461, 0.0002910045256660984], 'uy': [-0.07982873126670306, 0.08023043658019975], 'uz': [-0.05836803046368928, -0.003228189485608281]}"
0.1,0.099657323698228,500,electrons,"('ux', 'uy', 'uz', 'x')","['ux', 'uy', 'x', 'uz']","{'x': [-2.119022133565281e-05, -1.3211776360813325e-05], 'ux': [-0.0020228409018097923, 0.0014124214220957543], 'uy': [-1.7116486921200155e-05, 0.002514059078657006], 'uz': [-0.002085299891476892, 0.001240336194356783]}"
0.1,0.1007401089368943,500,electrons,"('ux', 'uy', 'uz', 'x')","['x', 'uz', 'ux', 'uy']","{'x': [-1.3253135274731805e-05, 1.2525931929068711e-06], 'ux': [-0.002394616484602989, 0.0018170448940792539], 'uy': [-0.0014467087627159656, 0.010523183738786947], 'uz': [-0.014066037610837051, 0.00020733274065631337]}"
0.1,0.0994086837671043,500,electrons,"('ux', 'uy', 'uz', 'x')","['uz', 'uy', 'ux', 'x']","{'x': [2.555343186380022e-06, 1.994871740098565e-05], 'ux': [-0.0005596624563235083, 0.0016612234066240002], 'uy': [-0.00013785330771581773, 0.0015987309164589914], 'uz': [-0.00033741203309003466, 0.0007167206136696936]}"
0.1,0.0999960971138543,500,electrons,"('ux', 'uy', 'uz', 'x')","['ux', 'x', 'uz']","{'x': [-8.530587099242328e-07, 8.353933407384397e-06], 'ux': [-0.0004456272077680249, 0.000880392904248118], 'uy': [-0.12121485931395012, 0.11426811347458098], 'uz': [-0.012751704806205643, 0.01467981801026296]}"
0.1,0.099857177552531,500,electrons,"('ux', 'uy', 'uz', 'x')","['uz', 'ux', 'uy']","{'x': [7.5864257242834744e-06, 1.4951569506700367e-05], 'ux': [-0.0009818586139149713, 0.006647050176442149], 'uy': [-0.009889941506509844, 0.0044875144630546916], 'uz': [-0.003995264957785188, 0.0006509619957918936]}"
0.1,0.0991064033030009,500,electrons,"('ux', 'uy', 'uz', 'x')","['x', 'uz', 'ux', 'uy']","{'x': [-7.274875212515786e-06, 1.5799409235204867e-07], 'ux': [-0.003944092610080012, 0.0007718020209964605], 'uy': [-0.011349409752087432, 0.07595871012737643], 'uz': [-0.04294684426739109, 0.18370088095653553]}"
0.1,0.1007978793803376,500,electrons,"('ux', 'uy', 'uz', 'x')","['uz', 'uy', 'ux', 'x']","{'x': [4.056919826843211e-06, 2.1382953414683702e-05], 'ux': [-3.2117125891224004e-06, 0.003742812615231711], 'uy': [-0.007256742162328538, 0.0010323835666067975], 'uz': [-0.0021512462411114675, 0.00018315494735318617]}"
0.1,0.0992407340749203,500,electrons,"('ux', 'uy', 'uz', 'x')","['x', 'uy', 'ux', 'uz']","{'x': [-1.5123059604723391e-05, -1.0347993839919452e-05], 'ux': [-0.022823156717092893, 0.018850652500707252], 'uy': [-0.06584618133460332, 0.0385416774802143], 'uz': [-0.0804234642348513, 0.00038771640857503814]}"
0.1,0.0995092265580968,500,electrons,"('ux', 'uy', 'uz', 'x')","['uy', 'uz', 'x']","{'x': [-8.03842868367332e-06, 1.4453963755972241e-05], 'ux': [1.679433332759235e-05, 0.0016067820033691272], 'uy': [-0.010702679292700978, 0.004529401665894691], 'uz': [-0.004954063881120383, 0.0030769750114011396]}"
0.1,0.0993170287366415,500,electrons,"('ux', 'uy', 'uz', 'x')","['ux', 'uy', 'uz', 'x']","{'x': [-2.3296869135037583e-05, -1.2725025314347736e-05], 'ux': [-0.0014658493904581723, 0.0012390181259771232], 'uy': [-0.001427942537505546, 0.0011125777684165474], 'uz': [-0.001586697248663532, 9.908744589338264e-05]}"
0.1,0.1005428151440483,500,electrons,"('ux', 'uy', 'uz', 'x')","['x', 'uy', 'uz']","{'x': [1.0157069748402295e-05, 1.4701481901177016e-05], 'ux': [-0.004927951823238897, 0.02346644112885027], 'uy': [-0.013661869382153293, 0.002441969906227824], 'uz': [-0.016235285717300346, 0.10187521121387476]}"
0.1,0.1003219736161032,500,electrons,"('ux', 'uy', 'uz', 'x')","['uz', 'ux', 'x']","{'x': [-7.2489365708857284e-06, -5.860470614483713e-08], 'ux': [-0.008533958210294852, 0.004671686855830813], 'uy': [-0.04577029485443874, 0.006710578408991991], 'uz': [-0.02470892895218578, 0.12942492071352002]}"
0.1,0.0999936336584901,500,electrons,"('ux', 'uy', 'uz', 'x')","['uy', 'uz', 'x', 'ux']","{'x': [5.063545137347134e-06, 1.4027368860176896e-05], 'ux': [-0.0004079907975017673, 0.006217626527820281], 'uy': [-0.00797782727501228, 0.0016059913882814567], 'uz': [-0.0032843408179295368, 0.002744272670561614]}"
0.1,0.100680164856365,500,electrons,"('ux', 'uy', 'uz', 'x')","['uy', 'ux', 'x', 'uz']","{'x': [3.6398291228007594e-06, 1.751717308986485e-05], 'ux': [-0.00022693132533228557, 0.0006302870747329758], 'uy': [-0.000699610754341347, 0.005119818269789939], 'uz': [-0.0004438558928265713, 0.0035177730615616283]}"
0.1,0.0997053610778303,500,electrons,"('ux', 'uy', 'uz', 'x')","['ux', 'uz', 'uy', 'x']","{'x': [-0.0003671030816774101, 0.0003596030816557362], 'ux': [-1.0408583472752507e-05, 1.031410756450325e-05], 'uy': [-0.007516006153810157, 0.007646291466194769], 'uz': [-0.00030745576539789566, 0.00031225708713829455]}"
0.1,0.1005964315255048,500,electrons,"('ux', 'uy', 'uz', 'x', 'y')","['ux', 'uy', 'y', 'uz', 'x']","{'x': [-1.3624548314272116e-05, 5.185871188712544e-05], 'y': [-2.3979725210795904e-05, -1.4365165999506886e-05], 'ux': [-0.0014535771436813786, 0.003699311761515726], 'uy': [-0.0041812800322862465, 0.004942373880729461], 'uz': [-0.0026786273487033876, 0.001829717933200929]}"
0.1,0.0992319187689601,500,electrons,"('ux', 'uy', 'uz', 'x', 'y')","['ux', 'uy', 'uz', 'y']","{'x': [-7.471397908473545e-06, -5.895950437573539e-08], 'y': [-4.104562145779969e-05, 8.244817792205415e-06], 'ux': [-0.11565240022696116, 0.11125129188260147], 'uy': [-0.195160150542976, 0.17791933335463037], 'uz': [-0.11177737696918678, 0.10864392961125112]}"
0.1,0.1008039172611322,500,electrons,"('ux', 'uy', 'uz', 'x', 'y')","['y', 'uy', 'uz', 'ux']","{'x': [1.5058593816103688e-05, 1.998046892517753e-05], 'y': [-0.0006225197722771838, 0.0006534572269291882], 'ux': [-0.000982977015202953, 0.0009846220343810155], 'uy': [-0.027556871498171782, 0.027491630192211052], 'uz': [-0.0077587747608020815, 0.007769684369671469]}"
0.1,0.0993448029882969,500,electrons,"('ux', 'uy', 'uz', 'x', 'y')","['uz', 'ux', 'y', 'uy', 'x']","{'x': [-1.4057421859147105e-05, 3.216318884973611e-05], 'y': [7.85789115069947e-06, 1.4275129578272308e-05], 'ux': [-0.003039714739550074, 0.0029417265242754997], 'uy': [-0.1344469211746275, 0.13850203550383447], 'uz': [-0.017732477612186597, 0.015264048446226336]}"
0.1,0.0991762978110798,500,electrons,"('ux', 'uy', 'uz', 'x', 'y')","['uz', 'y', 'ux', 'uy', 'x']","{'x': [-4.5980228946146936e-05, 6.674516486385025e-05], 'y': [-1.1456061213305509e-05, 4.2629391877607087e-07], 'ux': [-0.0003504821020113485, 0.0003122888712097764], 'uy': [-0.04001363248089969, 0.042947497505185256], 'uz': [-0.003942650137672904, 0.002298265124460573]}"
0.1,0.0993280901342573,500,electrons,"('ux', 'uy', 'uz', 'x', 'y')","['y', 'uy', 'x', 'ux', 'uz']","{'x': [-9.297742903823266e-06, 2.8070824236967602e-05], 'y': [-1.713080002793704e-05, -1.0339343008724821e-05], 'ux': [-0.006436310769294833, 0.004656951437680744], 'uy': [-0.006121949623276305, 0.006326779831697066], 'uz': [-0.011819514809973947, 0.006179372303177583]}"
0.1,0.1005899830688162,500,electrons,"('ux', 'uy', 'uz', 'x', 'y')","['x', 'uy', 'uz', 'ux', 'y']","{'x': [-3.6366566686380686e-05, 1.62670329959071e-05], 'y': [-1.5826105338722158e-05, -9.729718421524766e-06], 'ux': [-0.018087295030451502, 0.01249287174855779], 'uy': [-0.01437596494897619, 0.016894491227243433], 'uz': [-0.003718416317360987, 0.005920316376352187]}"
0.1,0.0994345500484286,500,electrons,"('ux', 'uy', 'uz', 'x', 'y')","['y', 'uz', 'uy', 'x']","{'x': [-8.945536324385576e-05, 0.00012761291876499915], 'y': [-1.953820302415383e-05, 1.2643684158089852e-05], 'ux': [-0.0001960966917744284, -1.4259959724142044e-06], 'uy': [-0.13929330061147266, 0.2165843860170204], 'uz': [-0.03918214523478607, 0.017227837952787605]}"
0.1,0.1000281703366355,500,electrons,"('ux', 'uy', 'uz', 'x', 'y')","['uy', 'x', 'y', 'ux', 'uz']","{'x': [-5.440337096202512e-05, 3.190326529825844e-05], 'y': [-1.072192977371713e-05, 2.290236591056969e-06], 'ux': [-0.0004076572587836245, 0.0002837483608174288], 'uy': [-0.04708589667583642, 0.04352288868456909], 'uz': [-0.00236764920399299, 0.002484208173315743]}"
0.1,0.1001730070211376,500,electrons,"('ux', 'uy', 'uz', 'x', 'y')","['y', 'x', 'ux', 'uz']","{'x': [-3.647393472800676e-05, 2.0227207354626783e-05], 'y': [-3.296352372001989e-06, 4.045750028627209e-06], 'ux': [-0.4418964882755867, 0.18893577634349634], 'uy': [-0.0020418521842203254, 0.011986072049910064], 'uz': [-0.5529398209929691, 0.5209146434580527]}"
0.1,0.0999145615716033,500,electrons,"('ux', 'uy', 'uz', 'x', 'y')","['uz', 'x', 'y']","{'x': [-4.625290013306076e-05, 2.376487247202457e-05], 'y': [-9.764101090160379e-06, -2.42336626687725e-06], 'ux': [-0.007736316667059476, 0.01682501152132953], 'uy': [-0.0011380734080017267, 0.023720861931070536], 'uz': [-0.2062374205876947, 0.15781539083090948]}"
0.1,0.1005610978470945,500,electrons,"('ux', 'uy', 'uz', 'x', 'y')","['uz', 'y', 'x', 'uy', 'ux']","{'x': [-1.6712084504069993e-05, 2.3808954846433457e-05], 'y': [5.620978746982915e-06, 1.0107066774006676e-05], 'ux': [-0.05025743166325211, 0.05882095467848922], 'uy': [-0.28081542981740254, 0.22100083743244767], 'uz': [-0.3264879043951164, 0.6763524711955113]}"
0.1,0.0991267147339941,500,electrons,"('ux', 'uy', 'uz', 'x', 'y')","['y', 'uy', 'ux', 'x', 'uz']","{'x': [-1.083940850289015e-05, 2.932478761650346e-05], 'y': [-1.8870084372134415e-05, -1.3658909475289953e-05], 'ux': [-0.009776146021964052, 0.013599435817594267], 'uy': [-0.028226046136608333, 0.02273704034249444], 'uz': [-0.013570588336791695, 0.006425616577068553]}"
0.1,0.1001950573617996,500,electrons,"('ux', 'uy', 'uz', 'x', 'y')","['y', 'ux', 'uy', 'x', 'uz']","{'x': [-3.1840708023952876e-05, 4.632010918167567e-06], 'y': [-1.7313761163928197e-05, -1.1808457514230361e-05], 'ux': [-0.024541940218964896, 0.009128335288214886], 'uy': [-0.03882137574623665, 0.024196466229022485], 'uz': [-0.03588236160071099, 0.016023657487301515]}"
0.1,0.0993245398603501,500,electrons,"('ux', 'uy', 'uz', 'x', 'y')","['x', 'ux', 'uz', 'y']","{'x': [-2.0651731879081552e-05, 2.8128611738638213e-05], 'y': [-1.2419207549691901e-05, -5.393020141932285e-06], 'ux': [-0.06673501458907627, 0.0872982781150062], 'uy': [-0.09149724758701488, 0.00013213789141091402], 'uz': [-0.6770475267040572, 0.8712984340455554]}"
0.1,0.0996694236113405,500,electrons,"('ux', 'uy', 'uz', 'x', 'y', 'z')","['uy', 'ux', 'z', 'y', 'uz']","{'x': [-0.0007498908818720756, -4.122023644792454e-06], 'y': [-0.001021233223993054, -1.0008342452672166e-05], 'z': [-0.000972847075511046, 0.0026290801251457854], 'ux': [-79.08415327515328, 67.20005753786862], 'uy': [-137.80140296117762, 112.30172998866786], 'uz': [-84.16689910817003, 82.36399734597451]}"
0.1,0.0999569474947818,500,electrons,"('ux', 'uy', 'uz', 'x', 'y', 'z')","['y', 'z', 'uz', 'uy', 'ux']","{'x': [-0.0007441280536795669, -5.858977982300486e-06], 'y': [-0.0018365419145668093, 5.421282959642659e-05], 'z': [3.379985182949902e-05, 0.007572164223672665], 'ux': [-0.7637860625704144, 0.779410698749255], 'uy': [-424.26585612479334, 423.73745722138096], 'uz': [-17.161594110866517, 17.327661416026288]}"
0.1,0.0995371215673681,500,electrons,"('ux', 'uy', 'uz', 'x', 'y', 'z')","['y', 'uz', 'x', 'z', 'uy', 'ux']","{'x': [-7.726524462943253, 7.723020556693253], 'y': [-1.436153955205842, 1.4334352052058397], 'z': [-1.576605291717738, 1.585911541717737], 'ux': [-1.5932233135111696e-05, 1.5932930671335634e-05], 'uy': [-0.00160875696251234, 0.0016087009966723026], 'uz': [-0.00022865971408818367, 0.0002286522958846692]}"
0.1,0.1009238537252372,500,electrons,"('ux', 'uy', 'uz', 'x', 'y', 'z')","['uz', 'y', 'z', 'uy', 'x']","{'x': [-0.03509900728492852, 0.03285134862646092], 'y': [-0.0011853586046193755, 0.0001541068752084193], 'z': [-4.4072105131477153e-05, 4.761337797234643e-06], 'ux': [-21.601237189222857, 1.5022320721200895], 'uy': [-100.19752051157225, 87.64465838868746], 'uz': [-1009.519474438914, 1015.886343183944]}"
0.1,0.1003876416076258,500,electrons,"('ux', 'uy', 'uz', 'x', 'y', 'z')","['ux', 'uy', 'uz', 'z', 'y', 'x']","{'x': [-0.00827871919105457, 0.009032147458946703], 'y': [-0.02047685738185446, 0.017565542777834432], 'z': [-0.00039918293896915036, 0.0037523522370827723], 'ux': [-5.643155106197872, 5.8455092010686265], 'uy': [-0.7143278665620723, -0.007756773567994202], 'uz': [-2.4064896913120366, 0.26655245200099853]}"
0.1,0.0996661390041882,500,electrons,"('ux', 'uy', 'uz', 'x', 'y', 'z')","['uy', 'uz', 'z']","{'x': [-0.000744156920756181, -5.860150619793362e-06], 'y': [-9.030261813585522e-05, -5.485889292672509e-06], 'z': [8.731458907591718e-06, 0.00781010714212863], 'ux': [-0.06949954067355849, 0.0007073129348453677], 'uy': [-1970.8925291372232, 1976.011246663036], 'uz': [-86.96381927279091, 88.13163276702508]}"
0.1,0.1004603618439166,500,electrons,"('ux', 'uy', 'uz', 'x', 'y', 'z')","['uz', 'x', 'y', 'ux', 'z', 'uy']","{'x': [-0.012898850809826203, 0.015150385154800498], 'y': [-0.0009114894474459415, 0.0038154994747509204], 'z': [-0.0007959951284252249, 0.0024510372094294084], 'ux': [-1.348622202313962, 1.1712736357035392], 'uy': [-1.7716643458106236, 1.3742443510755673], 'uz': [-0.33043410578343846, -0.012871880183655232]}"
0.1,0.1009577866153031,500,electrons,"('ux', 'uy', 'uz', 'x', 'y', 'z')","['uz', 'uy', 'z', 'y']","{'x': [5.861346326860694e-06, 0.0007443352275537171], 'y': [-1.1828899362640536e-05, 0.003984422905995332], 'z': [-0.0014868796911495933, 0.006543989387549698], 'ux': [0.00016807003062013973, 0.01311602247327489], 'uy': [-11.828795340721353, 11.979648408890707], 'uz': [-2.210980103284751, 2.2933831369676025]}"
0.1,0.0991009450587625,500,electrons,"('ux', 'uy', 'uz', 'x', 'y', 'z')","['y', 'uz', 'z', 'uy', 'ux', 'x']","{'x': [-0.0011100768650286726, 0.00035891779347637634], 'y': [-0.003876752921553526, 3.172649070282748e-05], 'z': [-0.002097262060477811, 0.003752327373494532], 'ux': [-0.3868705274534342, 0.3274863557610853], 'uy': [-0.12844126584013243, -0.005710841916478596], 'uz': [-0.5600449135428698, 0.33934133377796166]}"
0.1,0.0996605841538571,500,electrons,"('ux', 'uy', 'uz', 'x', 'y', 'z')","['x', 'ux', 'uy']","{'x': [3.8709110878685626e-06, 0.002281972408205453], 'y': [5.168963878063556e-06, 9.33533030218437e-05], 'z': [-7.270594407738368e-05, 3.124738198048895e-05], 'ux': [-52.930241356748844, 80.41531782895382], 'uy': [-1.6731300903563966, 3.7532851234880313], 'uz': [-3.279568894016178, 28.581474557209468]}"
0.1,0.1002743951154413,500,electrons,"('ux', 'uy', 'uz', 'x', 'y', 'z')","['uy', 'ux', 'uz', 'z', 'y']","{'x': [-0.0007446129857537166, -6.100208365160413e-06], 'y': [-0.0021923073011683525, 0.003786000743301935], 'z': [3.352412726722936e-05, 0.003960190441571249], 'ux': [-71.40129778200132, 73.10527245552156], 'uy': [-341.2234341029426, 328.50017612018513], 'uz': [-135.03483521740583, 126.20389843716254]}"
0.1,0.0994317726232631,500,electrons,"('ux', 'uy', 'uz', 'x', 'y', 'z')","['uy', 'x', 'uz', 'y', 'z', 'ux']","{'x': [-0.0011382837045097278, 0.0019004117256885096], 'y': [-0.0006402053798871573, -1.6053285457812963e-05], 'z': [-0.00018536198552665268, 0.003966671395799647], 'ux': [-86.48160297875847, 52.235272391334995], 'uy': [-410.46394539624526, 448.0592782974316], 'uz': [-280.22163761869797, 267.00464700564135]}"
0.1,0.0998607519779614,500,electrons,"('ux', 'uy', 'uz', 'x', 'y', 'z')","['uy', 'y', 'ux', 'z', 'x', 'uz']","{'x': [-10.643960628563072, 10.646210628563072], 'y': [-1.2788842996552043, 1.2756030496551651], 'z': [-0.7250045464643324, 0.7343107964643285], 'ux': [-9.225685194074602e-06, 9.22492071564167e-06], 'uy': [-0.004884106950056753, 0.004883686709785822], 'uz': [-0.0005269759390289918, 0.0005269484501891212]}"
0.1,0.0992106412770398,500,electrons,"('ux', 'uy', 'uz', 'x', 'y', 'z')","['z', 'ux', 'y', 'x', 'uz', 'uy']","{'x': [-0.00011059648445361332, 0.000860525804402366], 'y': [1.791141528690206e-06, 9.194996672917688e-05], 'z': [3.687181145190908e-05, 0.0001318965576790361], 'ux': [-22.7669003946811, 120.9403131824669], 'uy': [-8.230614884557227, 55.54648192264223], 'uz': [-187.33617008109718, 56.24144390119052]}"
0.1,0.0998227857835246,500,electrons,"('ux', 'uy', 'uz', 'x', 'y', 'z')","['x', 'z', 'ux', 'uy', 'y', 'uz']","{'x': [1.6002616197842467e-05, 0.000734085215363446], 'y': [-1.2248361779572132, 1.227178714224932], 'z': [-0.03856993404808341, 0.04490268416012792], 'ux': [-10277.024184840833, 10277.060470077937], 'uy': [-10036.304613777203, 10036.63066237076], 'uz': [-58.77514549503506, 59.67036523644627]}"
0.1,0.1007140494433846,500,electrons,"('ux', 'uy', 'x', 'y')","['uy', 'ux', 'y']","{'x': [1.5049810420169282e-05, 1.9979580208141843e-05], 'y': [-1.2727913810113942e-05, 2.6270534215071337e-05], 'ux': [-0.035561844618691316, 0.01259579376309286], 'uy': [-0.05668382812456706, 0.05144763083041848]}"
0.1,0.0990291184288294,500,electrons,"('ux', 'uy', 'x', 'y')","['y', 'ux', 'uy']","{'x': [-1.4953031818173558e-05, -7.501311202982061e-06], 'y': [-3.5306603787130543e-06, 1.778471201370745e-05], 'ux': [-0.161581244538434, 0.13959309677645917], 'uy': [-0.13425774573931196, 0.15009741864306092]}"
0.1,0.1008581615821914,500,electrons,"('ux', 'uy', 'x', 'y')","['uy', 'ux', 'y', 'x']","{'x': [-4.588566101884155e-05, 1.084529205935905e-05], 'y': [-1.6203256094749252e-05, -7.224524319471381e-06], 'ux': [-0.007112090491567775, 0.005679593789309678], 'uy': [-0.0017413328313019933, 0.004451760756162517]}"
0.1,0.1009189268145087,500,electrons,"('ux', 'uy', 'x', 'y')","['x', 'y', 'ux']","{'x': [-0.0001228628177297404, 9.579725734270183e-05], 'y': [-1.0696861202939515e-06, 2.877348776220415e-05], 'ux': [-0.004079689543554753, 0.009754460111951493], 'uy': [-0.0022224742211696467, -0.00020923694142613417]}"
0.1,0.0994117027075016,500,electrons,"('ux', 'uy', 'x', 'y')","['y', 'uy', 'x', 'ux']","{'x': [-1.2711394907758103e-05, 1.9208897559958557e-05], 'y': [-7.669074398566481e-06, -2.64341753512691e-06], 'ux': [-0.33811609724213226, 0.5677658580650011], 'uy': [-3.2910177521729023, 2.495145239668747]}"
0.1,0.0997839259827303,500,electrons,"('ux', 'uy', 'x', 'y')","['x', 'y', 'ux']","{'x': [-0.00012793124916606828, 9.288816367537437e-05], 'y': [-2.6576202907768686e-05, -6.021709678232273e-07], 'ux': [-0.02686871890624305, 0.02500536207176766], 'uy': [0.00012694142468608788, 0.0014256081253558345]}"
0.1,0.0991673617475037,500,electrons,"('ux', 'uy', 'x', 'y')","['ux', 'x', 'y', 'uy']","{'x': [-2.0390425209826275e-05, 1.1246152567898345e-05], 'y': [2.7233339493963793e-07, 4.796342598188313e-06], 'ux': [-3.6285365383466153, 3.34039084317572], 'uy': [-3.391990069505208, 3.6180599756666685]}"
0.1,0.0998880673506764,500,electrons,"('ux', 'uy', 'x', 'y')","['y', 'x', 'ux', 'uy']","{'x': [-3.3564368624993986e-05, 7.323754038942008e-06], 'y': [-2.5423087461366734e-07, 5.197424649639389e-06], 'ux': [-0.31653318519202595, 0.22302963597542985], 'uy': [-1.2752516815529638, 1.4052983336994973]}"
0.1,0.1008145922343772,500,electrons,"('ux', 'uy', 'x', 'y')","['x', 'uy', 'y']","{'x': [-0.00013484175880148103, 8.248128281099699e-05], 'y': [-4.742161413963524e-06, 3.57625092519095e-05], 'ux': [-0.0012300093929863288, -9.982964814795205e-05], 'uy': [-0.018267384515611627, 0.02483896889918073]}"
0.1,0.0992626153549201,500,electrons,"('ux', 'uy', 'x', 'y')","['x', 'uy', 'y']","{'x': [-0.00011327748077978363, 9.003568726863618e-05], 'y': [-1.4840708702072288e-05, 3.445872594579106e-06], 'ux': [-4.4882902539033725e-05, 0.00012718659996017182], 'uy': [-0.24744772476507337, 0.24867827702571102]}"
0.1,0.0991931555742584,500,electrons,"('ux', 'uy', 'x', 'y')","['x', 'y', 'ux', 'uy']","{'x': [-1.7240935414810434e-05, 4.986608155568375e-05], 'y': [3.06256970510249e-06, 1.6089130446440092e-05], 'ux': [-0.0002476953729856254, 0.0002448142201216642], 'uy': [-0.004576612645033791, 0.005572239172729678]}"
0.1,0.100516272620075,500,electrons,"('ux', 'uy', 'x', 'y')","['uy', 'y', 'x']","{'x': [-5.345598167240808e-05, 4.599023572008689e-05], 'y': [-1.8136955097628238e-05, -5.300371901890662e-06], 'ux': [-0.0022020953628630385, -2.196348816446117e-05], 'uy': [-0.0695456539998835, 0.060629593649262875]}"
0.1,0.0999627197088215,500,electrons,"('ux', 'uy', 'x', 'y')","['x', 'y', 'ux']","{'x': [-3.183608994961875e-05, 2.7953013259136324e-05], 'y': [7.27815787091112e-06, 1.7004565941472226e-05], 'ux': [-0.02700841691633437, 0.012443655597873212], 'uy': [0.00010663251775937329, 0.006022003919637972]}"
0.1,0.1005399894158364,500,electrons,"('ux', 'uy', 'x', 'y')","['x', 'y', 'ux']","{'x': [-0.0002309764164536675, 0.00026601547969402027], 'y': [-2.0164910440038083e-05, 5.4852349779480136e-05], 'ux': [-0.0005603901387163647, 0.0005521702482519172], 'uy': [-6.674090880897453e-05, 0.0001738002643211376]}"
0.1,0.1000932103885555,500,electrons,"('ux', 'uy', 'x', 'y')","['uy', 'x', 'y', 'ux']","{'x': [-2.0799829832036842e-05, 1.2773044539333892e-05], 'y': [3.7655070482897165e-06, 8.515399023779773e-06], 'ux': [-0.7612104524000437, 0.5246832603237249], 'uy': [-0.6413842961293894, 1.086514580043957]}"
0.1,0.0990013683286972,500,electrons,"('x',)",['x'],"{'x': [-3.74928610649961e-06, 2.449438919021956e-07]}"
0.1,0.100805245594907,500,electrons,"('x',)",['x'],"{'x': [-1.659957133413051e-06, 2.4108312189481045e-06]}"
0.1,0.1007044854402059,500,electrons,"('x',)",['x'],"{'x': [-3.1384177673460422e-06, 8.870153457700036e-07]}"
0.1,0.1005583445734522,500,electrons,"('x',)",['x'],"{'x': [-2.4071658838132503e-06, 1.657161302870924e-06]}"
0.1,0.0992160995212781,500,electrons,"('x',)",['x'],"{'x': [-1.6476884259367936e-06, 2.390623146189056e-06]}"
0.1,0.1005547218449754,500,electrons,"('x',)",['x'],"{'x': [-3.134856248314806e-06, 8.848562279806006e-07]}"
0.1,0.0993698964208795,500,electrons,"('x',)",['x'],"{'x': [-2.402180993722651e-06, 1.6517661405727954e-06]}"
0.1,0.0992218717353178,500,electrons,"('x',)",['x'],"{'x': [-2.3950568510531844e-06, 1.6450452693141676e-06]}"
0.1,0.0991550203191594,500,electrons,"('x',)",['x'],"{'x': [-2.5329758996608323e-07, 3.7571998588806186e-06]}"
0.1,0.0997845297708097,500,electrons,"('x',)",['x'],"{'x': [-3.7901878247291366e-06, 2.8629909959244145e-07]}"
0.1,0.1003564378396791,500,electrons,"('x',)",['x'],"{'x': [-2.4044305089274544e-06, 1.654361703957126e-06]}"
0.1,0.1006013584362333,500,electrons,"('x',)",['x'],"{'x': [-3.133947252802243e-06, 8.862205317103465e-07]}"
0.1,0.0992719136913439,500,electrons,"('x',)",['x'],"{'x': [-1.6475859967491101e-06, 2.3975859967496713e-06]}"
0.1,0.1003242680108052,500,electrons,"('x',)",['x'],"{'x': [-8.819871486183177e-07, 3.133061251298993e-06]}"
0.1,0.1007010076208682,500,electrons,"('x',)",['x'],"{'x': [-3.1373858595374164e-06, 8.873819687872163e-07]}"
0.1,0.0993475804134624,500,electrons,"('x', 'y')","['y', 'x']","{'x': [-3.414698564446209e-05, 1.161536994095259e-05], 'y': [1.126848810397908e-05, 1.6292113482916565e-05]}"
0.1,0.0992432941363772,500,electrons,"('x', 'y')","['x', 'y']","{'x': [-1.4686038778592989e-05, 2.2966331723176743e-05], 'y': [9.453635532092372e-06, 1.4071058082348553e-05]}"
0.1,0.1006887869501398,500,electrons,"('x', 'y')","['y', 'x']","{'x': [-1.1540071345692396e-05, 1.4381399355032696e-05], 'y': [-1.0227114346804322e-05, -5.5308376077023066e-06]}"
0.1,0.1003631036600763,500,electrons,"('x', 'y')","['y', 'x']","{'x': [-1.2774282491520464e-05, 2.3201806913690627e-05], 'y': [1.4089448336053118e-05, 1.812254905277124e-05]}"
0.1,0.0998381944553126,500,electrons,"('x', 'y')","['x', 'y']","{'x': [-1.435269270277764e-05, 2.1821974474797967e-05], 'y': [-1.2157788736265481e-05, -7.529048238245532e-06]}"
0.1,0.1005962383133194,500,electrons,"('x', 'y')","['x', 'y']","{'x': [-4.988972446907491e-06, 2.6648931329584917e-05], 'y': [9.274774844827018e-06, 1.5726708089020542e-05]}"
0.1,0.1007864557098741,500,electrons,"('x', 'y')","['y', 'x']","{'x': [-3.384699775552679e-05, 1.1327429491872199e-05], 'y': [1.1981143485490534e-05, 1.7090923333486713e-05]}"
0.1,0.1003383966518646,500,electrons,"('x', 'y')","['x', 'y']","{'x': [-1.7354410923214896e-05, 2.4856703064636725e-05], 'y': [1.7524394209773403e-07, 4.510379682425505e-06]}"
0.1,0.0999378436399475,500,electrons,"('x', 'y')","['y', 'x']","{'x': [-3.6606857285147854e-05, 3.6329305759458385e-06], 'y': [-1.575780661651987e-05, -8.960233800958671e-06]}"
0.1,0.1008884717437805,500,electrons,"('x', 'y')","['y', 'x']","{'x': [9.936348559586551e-06, 3.943034863734173e-05], 'y': [7.3430174017791676e-06, 1.40002813220006e-05]}"
0.1,0.1004220333766321,500,electrons,"('x', 'y')","['y', 'x']","{'x': [-3.609388726411947e-05, 1.6665217111207163e-07], 'y': [-1.7445822903055546e-05, -1.0008316327336546e-05]}"
0.1,0.0996288973554468,500,electrons,"('x', 'y')","['y', 'x']","{'x': [-3.0921909957796455e-05, 6.270813116001125e-06], 'y': [-3.2473045785438495e-06, 2.3496507438087537e-06]}"
0.1,0.1001148743048467,500,electrons,"('x', 'y')","['x', 'y']","{'x': [-2.3499437290604473e-05, 1.599753896926079e-05], 'y': [1.5081643560979037e-05, 1.9601017026083794e-05]}"
0.1,0.0990580519535973,500,electrons,"('x', 'y')","['y', 'x']","{'x': [-3.4159384144116727e-05, 1.0746784647414224e-05], 'y': [1.4864498794965403e-05, 2.22887212661076e-05]}"
0.1,0.0995677215472354,500,electrons,"('x', 'y')","['y', 'x']","{'x': [-2.923019219978972e-05, 7.584373663237786e-06], 'y': [1.072022375622393e-05, 1.6319643678850517e-05]}"
0.1,0.0990616746820741,500,electrons,"('x', 'y', 'z')","['z', 'x', 'y']","{'x': [-6.378316913108716e-05, 6.728550979907529e-05], 'y': [-8.546040843237659e-06, 9.3886991635751e-06], 'z': [-7.850142210886462e-06, 1.05641870787133e-05]}"
0.1,0.1004369590179565,500,electrons,"('x', 'y', 'z')","['y', 'x', 'z']","{'x': [-7.039370809319396e-05, 7.114378899994888e-05], 'y': [-6.647073740463731e-06, 8.614874339923299e-06], 'z': [-5.294261283438338e-06, 1.2476147396234428e-05]}"
0.1,0.1006494441188819,500,electrons,"('x', 'y', 'z')","['z', 'x', 'y']","{'x': [-7.120001760562895e-05, 7.345009972738298e-05], 'y': [-1.0313070921238647e-05, 6.657305678453609e-06], 'z': [-6.065938279212198e-06, 1.133510515176591e-05]}"
0.1,0.100508157708287,500,electrons,"('x', 'y', 'z')","['z', 'x', 'y']","{'x': [-3.252260004237555e-05, 3.602669747702051e-05], 'y': [-7.283363969369093e-06, 9.439091655817639e-06], 'z': [-5.970279288678561e-06, 1.145178869630162e-05]}"
0.1,0.0998418171837894,500,electrons,"('x', 'y', 'z')","['y', 'x', 'z']","{'x': [-0.00011255423728226235, 0.00011180389264983351], 'y': [-6.048696386761219e-06, 8.953855427851974e-06], 'z': [-7.133549944971065e-06, 1.2617153536147276e-05]}"
0.1,0.1002564505337196,500,electrons,"('x', 'y', 'z')","['y', 'z', 'x']","{'x': [-8.704676588735913e-05, 9.055069215667404e-05], 'y': [-6.643708507550818e-06, 2.6710476814385267e-06], 'z': [-1.5266794431427017e-05, 1.9685569905677787e-05]}"
0.1,0.099583347582732,500,electrons,"('x', 'y', 'z')","['y', 'z', 'x']","{'x': [-1.1962823203335785e-05, 0.00010694320500358864], 'y': [-2.3254138753465553e-06, 1.2791506044519914e-05], 'z': [1.3041249684959948e-05, 2.890696870580872e-05]}"
0.1,0.0999436883085567,500,electrons,"('x', 'y', 'z')","['z', 'y', 'x']","{'x': [-5.571125059399229e-05, 5.646122208288923e-05], 'y': [-1.0064644343718218e-05, 8.096259808880935e-06], 'z': [-3.5608855476050838e-06, 1.052989420285464e-05]}"
0.1,0.099051241224061,500,electrons,"('x', 'y', 'z')","['y', 'x', 'z']","{'x': [-4.988750823045673e-05, 5.3391537557740845e-05], 'y': [-7.81165316929023e-06, 8.467694922331676e-06], 'z': [-7.4140836682858486e-06, 1.1618856547643427e-05]}"
0.1,0.1009135168733167,500,electrons,"('x', 'y', 'z')","['y', 'x', 'z']","{'x': [-5.187125186186996e-05, 5.111696502267062e-05], 'y': [-1.0049226183397619e-05, 9.017932256689494e-06], 'z': [-9.08507394191906e-06, 1.010382605370253e-05]}"
0.1,0.1007708296743775,500,electrons,"('x', 'y', 'z')","['y', 'x', 'z']","{'x': [-5.993942864525378e-05, 6.218775186836091e-05], 'y': [-7.116671809363154e-06, 8.892902475044833e-06], 'z': [-8.835550457209327e-06, 1.1979314757634255e-05]}"
0.1,0.099306136399688,500,electrons,"('x', 'y', 'z')","['x', 'z', 'y']","{'x': [-4.325307673958886e-05, 4.6756958532075e-05], 'y': [-6.026010013837217e-06, 8.182371511769448e-06], 'z': [-5.394442719057413e-06, 1.3213142192752461e-05]}"
0.1,0.1007390945729208,500,electrons,"('x', 'y', 'z')","['x', 'z', 'y']","{'x': [-6.913858111148853e-05, 6.838822248655194e-05], 'y': [-1.044059773916754e-05, 7.912629252115725e-06], 'z': [-4.773360241734568e-06, 1.047080358495627e-05]}"
0.1,0.1004254628929235,500,electrons,"('x', 'y', 'z')","['x', 'z', 'y']","{'x': [-6.606927688244404e-05, 6.38192499466387e-05], 'y': [-9.335686869143783e-06, 6.429630357769025e-06], 'z': [-4.10944650178962e-06, 1.2140798525441217e-05]}"
0.1,0.1007850307700065,500,electrons,"('x', 'y', 'z')","['z', 'y', 'x']","{'x': [-7.002153457575877e-05, 7.352683838737309e-05], 'y': [-1.1090187815694213e-05, 8.372467168458607e-06], 'z': [-9.300502707444017e-06, 9.892830703375946e-06]}"
